list, 7136
0, 33072
10000, 12480
10000, -16560
10000, 21216
10016, 24720
10016, -34496
10016, -38720
10016, -41488
10016, 41696
10016, 8736
10032, -23936
10032, 4832
10048, -35440
10048, 36896
1008, 13776
1008, 16672
1008, 25696
1008, -28416
1008, 40704
1008, -42160
-10128, 3552
-10144, -19792
-10144, -23312
-10144, -28384
-10144, 30144
-10144, 4208
-10144, 42960
-10160, 19584
-10160, 2320
-10160, 29520
-10160, -6016
-10176, -14624
-10176, 22784
-10176, -31920
-10176, 32736
-10176, -38608
-10176, 40048
-10176, -43168
-10176, 9040
-10192, -35440
-10192, -9504
-10208, 15104
-10208, -17840
-10208, 36544
-10208, 7056
-10208, 7728
-10224, 17056
-10224, 35856
-10224, 6128
1024, -13664
1024, 24736
1024, 29168
1024, -3120
1024, 32384
1024, 33376
1024, 39072
1024, -8880
10240, 16704
10240, -23664
10256, -14336
10256, 15424
10256, -32224
10272, -2240
10272, -35120
10288, 16048
10288, -18832
10288, -19152
10288, 20224
10288, 22480
10288, -272
10288, -34784
10288, -38320
10288, 8688
10304, 12528
10304, -13376
10304, -1872
10304, 33616
10320, 23088
10320, -33536
10320, 40416
10320, -7920
10336, 34960
10336, 42304
10336, 4880
10352, 41984
1040, 14752
1040, -20080
1040, -26144
1040, -40560
1040, 42288
-10448, -26160
-10448, -37008
-10464, -19744
-10464, -22656
-10480, -13712
-10480, 22752
-10480, 37216
-10496, -10544
-10496, -22352
-10496, 23408
-10496, 31072
-10496, 38464
-10496, 9648
-10512, -11488
-10512, 14192
-10512, 16064
-10512, -37712
-10512, 42272
-10512, -6320
-10528, -1168
-10528, -1824
-10528, -31904
-10544, -1536
-10544, 20208
-10544, -39936
-10544, -7952
1056, 17952
1056, -33536
1056, 33648
1056, 36528
1056, -37728
10560, -35424
10560, 38176
10560, -4112
10576, -40624
10592, -28736
10592, 42560
10592, 8016
10592, -8208
10608, -12784
10608, -16880
10608, -25808
10608, 9344
10624, -23968
10624, 32032
10624, 36208
10640, 17360
10656, -16224
10656, -22352
10656, -27760
10656, 28176
1072, 18656
-10784, 10288
-10784, -14032
-10784, 14432
-10784, 24704
-10784, 27232
-10784, 41952
-10800, -13040
-10800, 21520
-10800, 27888
-10800, 35248
-10800, -36048
-10800, 37184
-10800, 38832
-10800, 9376
-10816, 20848
-10816, -2112
-10816, 22128
-10816, -32288
-10816, 39424
-10816, 9648
-10832, -1504
-10832, 1664
-10832, -16912
-10832, -20704
-10832, -22064
-10832, 33312
-10832, -36352
-10832, 39056
-10832, 41328
-10848, 13472
-10848, -21360
-10864, 17696
-10864, -40608
10880, 22768
10880, 35200
-10880, 4864
10896, 2304
10896, 8384
10912, -32592
10912, 35888
10912, 37808
10928, -32288
10928, 34624
10928, -36048
10928, -37712
10928, -38656
10944, 19584
10944, -21728
10944, 27312
10944, 29856
10944, 33616
10944, 37472
10944, -38336
10944, -9856
10960, -19136
10960, 22512
10960, -27104
10960, 8656
10976, -20736
10976, -30064
10976, 80
10992, 19904
-11088, -41264
-11104, 11600
-11104, 3584
-11104, 992
-11120, -13376
-11120, -18832
-11120, 20864
-11120, -7616
-11136, -25552
-11136, 31072
-11152, 14768
-11152, 17024
-11152, -25840
-11152, -3440
-11168, 35552
-11168, -43408
-11168, 4496
-11184, 11856
-11184, -13104
112, 17328
112, 4272
11216, -12048
11232, -13088
11232, -20464
11232, -22640
11232, -34528
11248, 12880
11248, -15952
11248, 1664
11248, 17664
11248, 1968
11248, 33040
11248, 35568
11248, 9296
11248, -944
11264, -11136
11264, 21840
11264, 24688
11264, -28432
11264, -39888
11264, -6352
11280, 10928
11280, 14448
11280, -15632
11280, 2272
11280, -3488
11296, -42512
11296, -608
11296, -9568
-11408, -2176
-11408, 9040
-11424, -14992
-11424, -37040
-11440, 10672
-11440, -15952
-11440, -21984
-11440, -30000
-11440, 32
-11440, -3424
-11456, 2016
-11456, -27408
-11456, 27904
-11456, 29856
-11456, -40240
-11456, -41232
-11456, 42944
-11456, -576
-11456, -6976
-11456, -7952
-11472, -34176
-11472, 37136
-11472, -9888
-11488, 10304
-11488, -11792
-11488, 1344
-11488, 24400
-11488, 27632
-11488, 40000
-11488, 5488
-11488, -6288
-11504, -32864
-11504, 34928
-11504, 41968
-11504, 4816
-1152, -34160
11520, 13472
11536, 11920
11536, 13184
11536, 16336
11536, 39072
11536, -4768
11536, 7376
11536, -8272
11552, -12688
11552, 19280
11552, -22656
11552, 25008
11552, 32992
11552, -39024
11552, 39456
11568, -29984
11568, 33952
11568, 35904
11568, 9648
11584, 10976
11584, -14352
11584, 16672
11584, 21520
11584, 31760
11584, -37056
11584, 37488
11584, 3904
11584, -39984
11584, 40736
11584, -4416
11600, 1008
11600, -1168
11600, -32256
11600, 688
11616, -10480
11616, -11776
11632, -41200
11648, -13376
-1168, 10624
-1168, 30736
-1168, 34576
-11712, -15616
-11712, -16544
-11712, 3248
-11712, 35936
-11728, -11088
-11728, -12784
-11744, 13504
-11744, -39296
-11760, 24096
-11760, -36064
-11760, 39424
-11760, 40336
-11776, -10112
-11776, 12896
-11776, 15760
-11776, -18448
-11776, 18960
-11776, -21712
-11776, 25296
-11776, -29088
-11776, 3600
-11792, -11440
-11792, -15008
-11792, 17360
-11792, 1968
-11792, 20848
-11792, -27520
-11792, -32576
-11792, -8576
-11808, -2224
-11808, 26608
-11808, 31744
-11808, -34880
-11808, 41632
-11824, -15968
-11824, -16240
-11824, -8240
-1184, -33856
-1184, 5136
11840, 32384
11840, -37728
-11840, -40000
11856, -10160
11856, 12224
11856, -25568
11856, -3424
11856, -37984
11856, 39728
11856, -7296
11872, 14192
11872, 20848
11872, 34304
11872, -43520
11888, -22336
11888, -39280
11888, 42672
11888, 5232
11888, -6656
11888, -8304
11904, -16304
11904, -18480
11904, -21072
11904, 22128
11904, 23440
11904, 25616
11904, 29504
11904, -41824
11920, -15296
11920, 18272
11920, 31408
11920, -36448
11920, 37520
11920, -39984
11920, -40272
11936, 10640
11936, 12544
11936, -15040
11936, -17872
11936, -3120
11936, -37344
11936, 39120
-1200, 15088
-1200, 1696
-1200, -17824
-1200, 19008
-1200, -20720
-1200, 26288
-1200, 34288
-1200, 34880
-1200, 4864
-1200, 704
-12048, -26784
-12064, 2272
-12064, -37328
-12080, -14656
-12080, -19744
-12080, 24416
-12080, 33360
-12080, 36208
-12080, 7744
-12096, 128
-12096, 19568
-12096, 31472
-12112, -10208
-12112, -16288
-12112, -18192
-12112, 19936
-12112, 4816
-12128, 10000
-12128, -23312
-12128, 27232
-12128, 42624
-12128, 704
-12144, -24624
-12144, 32704
-12144, 36512
-1216, 31712
-1216, 33328
-1216, -41216
-1216, 42672
-1216, -5088
-12160, -24896
12160, 2944
12176, -5408
12176, 9968
12192, 14112
12192, -14640
12192, 36480
12192, 41936
12208, -15296
12208, -1536
12208, 20176
12208, 23088
12208, -29344
12208, 32400
12208, -38976
12208, -4064
12224, 15456
12224, -17568
12224, 17984
12224, 18640
12224, -21984
12224, -24560
12224, 400
12224, -5664
12224, 7760
12240, -17856
12240, -18496
12240, 19920
12240, 27888
12240, -29760
12240, 31776
12240, 34912
12240, -4432
12240, 5520
12240, -6688
12256, 15136
12256, 3264
12256, -33600
12256, 39088
12272, -28736
-1232, -22976
-1232, 23120
-1232, -2512
-1232, -25504
-1232, -25888
-1232, -26848
-1232, -31296
-1232, -33232
-1232, 33648
-1232, -3456
-1232, -40928
-12368, 2624
-12368, 42352
-12384, 25072
-12384, 25392
-12384, 39104
-12400, -28400
-12400, -30016
-12400, -34816
-12400, -38032
-12400, 39760
-12400, -41504
-12416, 10304
-12416, 15712
-12416, -19728
-12416, 20560
-12416, -24592
-12432, -13680
-12432, 32432
-12432, 3536
-12432, 4256
-12432, -6000
-12432, 9968
-12448, -14304
-12448, 21504
-12448, -27744
-12448, -28736
-12448, 36240
-12448, 40992
-12448, 43280
-12448, -6304
-1248, -14000
-1248, 17680
-1248, -20128
-1248, 20208
-1248, 24368
-1248, 80
12480, -6960
12480, -7616
12480, 9024
12496, 24048
12512, -12384
12512, -18528
12512, -23600
12512, -40240
12512, -41216
12512, 4880
12528, 17280
12528, -20704
12528, 24656
12528, 25664
12528, 37520
12528, -37968
12544, -32288
12544, -35424
12544, 3920
12544, 41968
12560, 29472
12560, -34784
12560, -4096
12576, 11904
12576, -13392
12576, 15120
12576, -20400
12576, -28096
12576, -33280
12576, 33376
12576, 36576
12592, 16
12592, -38672
-1264, 6176
-12688, 37184
-12688, -43472
-12704, -18784
-12704, 29200
-12704, 34944
-12704, -36128
-12704, -5040
-12704, -832
-12720, 27872
-12720, 30112
-12720, -4096
-12736, 13200
-12736, 25056
-12736, 39440
-12752, 11280
-12752, 15104
-12752, -15952
-12752, 33344
-12752, 34272
-12752, -38656
-12768, -31568
-12768, -32592
-12768, 34592
-12768, 3568
-12784, 11584
-12784, 18912
-12784, -21360
-12784, 42336
-12784, 7744
128, -37696
1280, 11568
1280, -22000
12800, 10608
12800, 14480
-12800, -29072
-12800, 29776
12816, 18304
12816, -23296
12816, 23744
12816, 25312
12816, 37232
12832, -11744
12832, 21792
12832, 26304
12832, 31072
12832, -41200
12848, -17872
12848, -18832
12848, 19888
12848, 28512
12848, -5040
12864, -24928
12864, 29824
12864, -33248
12864, -8944
12880, 1056
12880, -14032
12880, 17392
12880, -21376
12880, -28752
12880, 33328
12880, 34912
12880, -41584
12880, 8704
12896, 4576
12912, 30480
12912, -3200
12912, -32896
12912, 5856
1296, -4384
1296, -7904
-13008, -1264
-13008, 13136
-13008, 3248
-13008, 37808
-13024, 15408
-13024, 25008
-13024, 25984
-13024, 26320
-13024, -34800
-13024, -37696
-13040, 14400
-13040, 17952
-13040, -1856
-13040, -24288
-13040, -30320
-13040, 32
-13040, 336
-13040, 34592
-13040, 34992
-13056, 12224
-13056, -22672
-13056, -25856
-13056, 32112
-13056, -38704
-13072, -14992
-13072, 15120
-13072, 21824
-13072, 34320
-13072, 38784
-13072, -6016
-13088, 18928
-13088, -25568
-13088, -32208
-13088, 33632
-13088, 42976
-13104, 720
1312, -25248
1312, 32384
1312, -34448
-13120, -41216
13120, 42656
13136, 18336
13136, -22336
13136, 26672
13136, -28432
13136, 31072
13152, 10656
13152, 42976
13168, -16928
13168, -24608
13168, -2496
13168, -25920
13168, -30384
13168, -32288
13168, -38352
13168, -5328
13168, -6640
13184, 10960
13184, -12368
13184, 25296
13184, 27584
13184, -32576
13184, -3424
13184, 36544
13184, -39904
13184, 40336
13184, -41824
13184, -6016
13184, 9008
13200, -31968
13200, -35792
13200, 80
13216, -12112
13216, -22016
13216, -26464
13216, 37488
13232, 21552
13232, 26944
1328, -10512
1328, 13200
1328, -17840
1328, 19552
1328, 31136
1328, 41344
1328, 7088
-13328, 16656
-13328, -2528
-13328, 29776
-13344, -42784
-13360, 11568
-13360, -20416
-13360, -24944
-13360, -28384
-13360, 36880
-13360, -4096
-13376, 10976
-13376, 12224
-13376, -27104
-13376, -30976
-13376, -35776
-13376, -3792
-13376, -38672
-13376, 41008
-13376, -5440
-13392, 1968
-13392, -3440
-13392, 40720
-13408, 1344
-13408, -14640
-13408, -41536
-13424, 29200
-13424, -37984
1344, -13008
1344, 13792
1344, 21472
1344, -30064
1344, -37712
-13440, 13856
13456, 41984
13456, -42208
13456, -7600
13456, -9200
13472, -10848
13472, 15392
13472, 1648
13472, 20576
13472, -28784
13488, -1232
13488, -25232
13488, -30016
13488, 32672
13488, -37344
13488, -38352
13488, 40704
13488, 42272
13504, -20144
13504, 28512
13504, -3760
13504, -40224
13504, 9664
13520, 11264
13520, 18912
13520, 36272
13520, 39680
13520, 40016
13520, 41328
13536, -33808
13536, -3456
13552, 17296
13552, 384
1360, -22288
1360, 2288
1360, -32224
1360, -39312
1360, 5536
1360, -8592
-13632, 16064
-13632, -2464
-13648, -13648
-13648, -22304
-13664, 37824
-13664, 4512
-13680, -11456
-13680, 1968
-13680, 26960
-13680, 3200
-13680, 32736
-13696, -14032
-13696, -30272
-13696, 34992
-13696, -38320
-13696, -6016
-13696, -8880
-13712, 38800
-13712, 7056
-13728, 20528
-13728, -2176
-13728, 32
-13728, -9920
-13744, 10592
-13744, 32032
1376, 18320
1376, 24688
1376, 25360
1376, 25664
1376, 28560
1376, -29728
-13760, -39312
13776, 14784
13776, -33888
13776, 36272
13792, -26496
13792, -7680
13808, -19488
13808, -8944
13824, -3072
13824, 33952
13824, 39072
13824, -880
13840, -34800
13840, 34976
13840, 35520
13840, 36560
13840, 7440
13856, 3296
13856, 33616
13856, 688
13872, -4128
1392, -2208
1392, 5200
1392, 8352
-13968, 13152
-13968, 36816
-13968, -42160
-13968, -5104
-13984, 22464
-13984, -22688
-13984, -38032
-13984, 9072
-14000, -19120
-14000, -23296
-14016, -17872
-14016, 19584
-14016, -27792
-14016, 27920
-14016, -31328
-14016, -32592
-14016, 33968
-14016, 4880
-14032, -19760
-14032, 6096
-14032, -7024
-14032, -848
-14048, -17216
-14048, 26288
-14048, 32
-14048, 37536
-14048, -7968
-14064, 12240
-14064, -16576
-14064, 17936
-14064, 28576
-14064, -40592
-14064, 4256
14096, 14464
14096, -29408
14096, 35280
14112, -11168
14112, -13680
14112, 15440
14112, -19760
14112, 22816
14112, 37872
14112, -40256
14112, 416
14128, -10480
14128, -13056
14128, 18608
14128, -37664
14128, 38144
14128, 9680
14144, 13824
14144, -15600
14144, 36544
14144, 7728
14144, 9360
14160, -16592
14160, 21184
14160, -21360
14160, -27456
14160, -7328
14176, -41888
14192, -25520
-14288, -7648
-14304, -2208
-14304, -29760
-14304, -5392
-14320, 11232
-14320, 12832
-14320, -1552
-14320, -15936
-14320, 26336
-14320, 27856
-14320, 28864
-14320, 39456
-14320, -39888
-14320, 40368
-14336, -10880
-14336, -23904
-14336, 25600
-14336, 3264
-14336, -37360
-14336, 8400
-14352, -17888
-14352, 21168
-14352, -30640
-14352, -33840
-14352, 37856
-14352, -5696
-14368, -17584
-14368, -25520
-14368, 30416
-14368, 3568
-14368, -6688
-14368, 7728
-14368, -8624
-14384, 43536
14400, -19440
-14400, 40048
14416, -19104
14416, -24880
14416, -34816
14416, 35584
14416, 5824
14432, 12864
14432, -23296
14432, -24288
14432, 36240
14432, 41344
14432, 48
14448, 32416
14448, 32992
14464, -11472
14464, -18544
14464, 2256
14464, 24688
14464, -26464
14464, -36064
14464, 41648
14464, -9552
14464, -9872
14480, -15296
14480, 15360
14480, 23456
14480, -31024
14496, -32272
14512, 41968
-14592, -22656
-14592, 7456
-14608, -15600
-14608, -15968
-14608, 31120
-14608, 5488
-14624, 2608
-14624, -40544
-14624, -4144
-14640, 19552
-14640, 24336
-14640, -27792
-14640, -29104
-14640, -30032
-14640, -30352
-14640, 30800
-14640, 38816
-14640, 40736
-14656, -10192
-14656, 1632
-14656, 16704
-14656, -16928
-14656, 17696
-14656, -23664
-14656, -31008
-14656, -35120
-14656, -6400
-14672, 14784
-14672, 33632
-14672, 35552
-14672, 37200
-14672, 40352
-14672, -7584
-14688, -12080
-14688, -14048
-14688, -22912
-14688, -848
-14704, 32656
-14704, 33040
-14704, -39632
-1472, -4064
-14720, -13392
-14720, 16
-14720, 41360
14720, -42240
14736, 32672
14752, -13360
14752, -25184
14752, -25504
14752, -32880
14768, 15760
14768, 24032
14768, -2880
14768, 35280
14768, 35648
14768, -9872
14784, -24272
14784, 2976
14784, -7600
14800, 1056
14800, 17664
14800, 40400
14800, -42800
14800, 9008
14816, -30336
14816, 33328
14816, 4224
14832, -20448
14832, 20880
14832, 36240
14848, 1408
-14944, -19776
-14944, 21472
-14944, -37408
-14960, 11888
-14960, -12416
-14976, 14720
-14976, 15136
-14976, 21136
-14976, 22144
-14976, 22448
-14976, -28752
-14976, 32064
-14976, -34160
-14976, 38784
-14976, 39392
-14976, 40688
-14976, -8256
-14992, -25200
-14992, -28080
-14992, -34784
-14992, -40272
-14992, -4704
-15008, 38160
-15008, -40608
-15008, -4080
-15008, 4240
-1504, 17376
-1504, -24288
-1504, 25280
-1504, 28208
-1504, -35168
-15040, -1840
15040, 25680
-15040, -928
15056, -34848
15072, 12544
15072, -25232
15088, 1328
15088, 14144
15088, -15632
15088, -22016
15088, 2576
15088, -36736
15104, 17984
15104, 2304
15104, -29072
15104, 32096
15104, 3968
15104, 40992
15104, 8736
15120, 1680
15120, -42864
15136, 21856
15136, 22112
15136, -35744
15152, 3584
15152, -4064
-1520, 18608
-1520, -912
-1520, 9968
-15248, 16048
-15248, 26640
-15248, 40352
-15264, -11440
-15264, 33680
-15280, 30432
-15280, -37040
-15280, -38304
-15280, 5472
-15280, 704
-15296, -1856
-15312, -22320
-15312, -39984
-15312, 8688
-15328, -18816
-15328, 31072
-15328, 32352
-15328, -40272
-15328, -4400
-15328, 64
-15344, -16912
-15344, 17024
-15344, 20512
-15344, -25520
-15344, 39696
-1536, -12080
-1536, 16368
-1536, -23936
-1536, -26208
-1536, -32288
-1536, 3248
15360, -17552
-15360, 18608
15360, 22160
-15360, 31728
-15360, -9216
15376, 23760
15376, -36752
15392, -21952
15392, 24064
15392, -304
15392, 39440
15392, 39744
15392, 40400
15392, -608
15408, -15920
15408, -18816
15408, 26000
15408, 43280
15424, 1056
15424, 17312
15424, -25216
15424, -28144
15424, -34816
15424, 42320
15424, 42912
15440, -30960
15440, -36144
15440, -8624
15456, -1888
15456, -23008
15456, 38784
-1552, -26512
-1552, -29968
-1552, 34608
-1552, 41040
-1552, -42816
-15568, -38656
-15568, -576
-15584, -11824
-15584, 14448
-15584, -3120
-15600, 28512
-15600, 41680
-15616, -17840
-15616, -18816
-15616, 22144
-15616, -26832
-15616, -3776
-15616, -39344
-15616, -7568
-15616, -8272
-15616, -8576
-15632, -10176
-15632, 26608
-15632, 416
-15648, -10496
-15648, -19744
-15648, -30672
-15664, 20544
-15664, -27744
-15664, 30176
-15664, 39152
-15664, 6464
-1568, -10784
-1568, -35776
-1568, 5536
-15680, 1024
-15680, 31792
-15680, -6016
15696, 35552
15712, 13520
15712, -26160
15712, -29088
15728, 17040
15728, 17712
15728, 23744
15744, -23888
15744, 27872
15744, -42176
15760, -15936
15760, -38704
15760, 40704
15760, 8096
15776, -17504
15776, -9248
15792, 22832
-1584, 13200
-1584, -15248
-1584, 9072
-15888, -10800
-15888, 32960
-15888, -41824
-15904, 10944
-15904, 12848
-15904, -18176
-15904, 23120
-15904, -6640
-15920, 17024
-15920, -17184
-15920, 19536
-15920, 19904
-15920, -23920
-15920, -24256
-15920, -25216
-15920, -2832
-15920, -30320
-15920, -32848
-15920, -4112
-15936, -10496
-15936, -15888
-15936, 18640
-15936, -33904
-15936, -40880
-15936, -912
-15936, 9344
-15952, -14320
-15952, -16544
-15952, -23584
-15952, 28208
-15952, -9552
-15952, 9984
-15968, -3488
-15968, -39008
-15968, -39584
-15984, -1200
-15984, -16288
16, -20720
16, -31296
16, 39104
16000, -9488
16016, -19152
16016, -20384
16016, 39392
16032, 14128
16032, 25344
16032, 30144
16032, -41536
16032, -41840
16048, 1696
16048, -18208
16048, -19472
16048, 25040
16048, -28416
16048, 33328
16048, 9680
16064, 16384
16064, 24688
16064, 26992
16064, 32752
16064, -34848
16064, 352
16064, 42288
16064, 48
16064, 4800
16064, -5760
16080, -14640
16080, 32048
16080, -32960
16080, -33840
16080, 3600
16112, 16032
16112, 31696
1616, -16304
1616, 20832
1616, 31136
1616, 33040
1616, 38128
-16208, 16704
-16208, 18000
-16208, -31968
-16224, 4256
-16240, 14784
-16240, 19904
-16240, -29328
-16240, -3408
-16240, 35600
-16240, -36096
-16256, 10880
-16256, 11904
-16256, -12448
-16256, -13056
-16256, -25232
-16256, 29232
-16256, 2944
-16256, 32688
-16256, -40320
-16256, 42928
-16256, 5824
-16256, -8928
-16256, -9536
-16272, 24048
-16272, 25008
-16272, -42832
-16288, -19760
-16288, 38464
-16288, 9408
-16304, -10768
-16304, -11840
-16304, -19456
-16304, 40720
1632, -1280
1632, -24240
1632, 30784
1632, -33248
1632, 40048
1632, 42288
1632, -43120
-16320, 25376
16320, -4096
16336, 42272
16352, -12368
16352, 15696
16352, -2160
16352, -23568
16352, -35088
16352, 4256
16352, -43456
16352, 5808
16368, 14464
16368, -14928
16368, -18512
16368, -19152
16368, 22096
16368, -23248
16368, -25184
16368, -29712
16368, 35600
16368, 41984
16384, -24864
16384, -31344
16384, 41024
16384, -43120
16384, 7376
16384, -9584
16400, 34016
16400, 3568
16416, 11264
16416, -11488
16416, 19904
16416, 37168
16432, 16384
1648, 14496
1648, 17056
1648, 18288
1648, -18480
1648, 22112
1648, 22768
1648, -31344
1648, 41984
-16528, -240
-16544, -42800
-16544, -43136
-16560, 10960
-16560, -13408
-16560, 17376
-16560, -1840
-16560, -30032
-16560, 30768
-16560, 34304
-16560, -40560
-16576, -15248
-16576, 3568
-16576, 39392
-16576, 39680
-16576, 40720
-16576, 8432
-16576, -8880
-16592, 24352
-16592, -24528
-16592, -32528
-16592, 6784
-16608, 14480
-16608, -14928
-16608, 37792
-16608, 38144
1664, 10624
1664, -15936
1664, 17648
1664, 20176
1664, -32272
1664, -35120
1664, 6496
-16640, 16992
16656, 3888
16672, 10304
16672, 25312
16672, 30464
16672, -34848
16672, -36720
16672, -39328
16688, -28384
16688, 31456
16688, -43472
16688, -7568
16688, 7680
16688, 9648
16704, 1696
16704, 19248
16704, -23024
16704, -8272
16720, -16896
16720, 20832
16720, 32368
16720, 5760
16720, -9248
16720, -9568
16736, -20448
16736, -26496
16736, -29712
16736, 3520
16736, 37872
16752, 14160
16752, -31296
16752, 39760
16768, 2576
1680, 24352
1680, -2784
-16832, -11152
-16848, -4128
-16864, -1904
-16864, 24080
-16864, 2912
-16864, 33648
-16864, 41952
-16880, -14336
-16880, 21776
-16880, 22144
-16880, -34880
-16880, 39728
-16896, -13328
-16896, -18464
-16896, 30768
-16896, -33840
-16912, -27440
-16912, -33552
-16912, 37232
-16928, -24304
-16928, 34576
-16928, -40256
-16928, 8400
-16944, -43120
-16944, 7712
1696, -36080
1696, -39632
-16960, 13808
-16960, -29712
16960, -3456
-16960, -35488
-16960, -9872
16976, -19456
16976, -33520
16976, 3600
16976, 6192
16976, 9360
16992, -4080
17008, -25168
17008, -31008
17024, -12432
17024, -12752
17024, -27152
17024, -27472
17024, 43216
17024, -8272
17040, 38784
17056, 15456
17056, -16288
17056, 40704
17072, 30448
17072, -32304
1712, 16704
1712, -31872
1712, -39280
1712, -42528
-17168, -22384
-17168, -2528
-17168, -4720
-17168, 9664
-17184, 33648
-17184, -34544
-17184, -34784
-17184, 36528
-17184, 4576
-17200, 12272
-17200, 36208
-17200, 40720
-17200, 672
-17200, -6944
-17216, 10912
-17216, 15760
-17216, 39776
-17216, -5424
-17216, -8000
-17232, 10272
-17232, -19824
-17232, -37072
-17232, 41008
-17232, 42336
-17232, -6624
-17248, -36448
-17248, 6800
-17264, 31792
17280, -41200
17296, 32416
17312, -10192
17312, -29360
17312, 32064
17312, -35776
17312, -41824
17328, 11248
17328, -1504
17328, 2256
17328, 37776
17328, -6960
17344, 13488
17344, 13840
17344, 34000
17360, 3008
17360, 384
17376, 3280
17376, -33200
17408, -1904
17408, 28240
-17488, -17248
-17504, 18288
-17504, -22976
-17504, 26960
-17504, -33888
-17520, 14464
-17520, 21184
-17520, -38976
-17536, -13696
-17536, 23712
-17536, -31296
-17536, -33552
-17536, 4864
-17536, -7280
-17536, 7728
-17552, 1056
-17552, -17584
-17552, -19488
-17552, -20752
-17552, -24256
-17552, 37792
-17552, 7056
-17584, -28768
-17584, 36800
-17584, 4544
17600, -16304
17600, -20720
-17600, -42448
-17600, 42656
17616, 21200
17616, 30144
17632, 35872
17632, 3600
17632, 37216
17632, -38720
17632, 42048
17648, -1216
17648, -20064
17648, -8528
17664, 13152
17664, 1696
17664, 16976
17664, 39792
17664, -9536
17680, 11536
17680, -11808
17680, 2976
17680, 32064
17680, -35760
17680, 41008
17696, -18816
17696, -9888
17712, -21376
17712, 8352
-17808, -23632
-17808, -30992
-17808, 704
-17824, 22784
-17824, 26592
-17840, -22368
-17840, -30336
-17840, 41328
-17840, 4544
-17840, -6960
-17856, -11712
-17856, -14656
-17856, -3488
-17856, 37200
-17856, -4080
-17856, -43488
-17856, 8752
-17872, -31664
-17872, -32592
-17888, 384
-17888, 40432
-17888, -42176
-17904, -24576
-17904, 39728
-17920, 20800
-17920, -240
17936, -16624
17936, 27888
17936, 40736
17952, 11888
17952, 17952
17952, 18608
17952, -20096
17968, 14784
17968, -15600
17968, -224
17968, 42976
17968, 6160
17968, -7600
17984, 10352
17984, -11168
17984, -1568
17984, 19872
17984, 31424
17984, -3488
18000, 34608
18000, 4560
18000, -8256
18016, 12848
18016, -1856
18032, 15088
18032, 40016
18032, -5680
-1808, -18752
-1808, 29168
-18112, -16592
-18144, -29008
-18160, 18288
-18176, -11120
-18176, 13216
-18176, 2320
-18176, 27264
-18176, -35504
-18176, 41664
-18176, -42176
-18176, -5024
-18192, -13088
-18192, 13440
-18192, 22112
-18192, 23056
-18192, 32736
-18192, 39728
-18208, -10208
-18208, -11456
-18208, -2528
-18208, -5680
-18208, -9248
-18224, 25680
-18224, 4864
-1824, 10976
-1824, 17680
-18240, -17888
-18240, 26272
-18240, 32992
-18240, -37088
18256, -22992
18256, -30352
18272, 14160
18288, 11872
18288, 19280
18288, 29824
18288, 42880
18304, -12064
18304, -1840
18304, -23680
18304, -23936
18304, -26512
18304, -28416
18304, -32240
18304, -39328
18304, 40736
18320, 22480
18320, 24400
18320, 32672
18320, 37472
18320, 39392
18320, -40528
18336, -1536
18336, -28064
18336, 2912
18336, -36464
18336, 37824
18352, 10944
18352, 21792
18352, -31888
18352, 40080
-1840, -10464
-1840, 12272
-1840, 26032
-1840, 41616
-1840, -912
-18448, 24976
-18448, 40400
-18464, 11936
-18464, 30464
-18464, 42288
-18480, -11840
-18480, -12464
-18480, -17568
-18480, -5056
-18496, -13120
-18496, 14496
-18496, 14720
-18496, -19200
-18496, 21456
-18496, -2192
-18496, -29408
-18496, 33648
-18512, -22688
-18512, 22768
-18512, -24608
-18512, 31392
-18512, 40032
-18512, -592
-18528, 10000
-18528, -10832
-18528, 18560
-18528, -26848
-18528, -272
-18544, -21664
-1856, 22736
-1856, 27904
-1856, 34624
-1856, -3504
-1856, 35248
-1856, 39376
-1856, -39616
-1856, -41856
-1856, -42496
-1856, -42816
-18560, 2608
18560, 35520
18576, -1584
18592, 1616
18592, 32
18592, -320
18608, -16864
18608, 25056
18608, 25968
18608, 5184
18624, 18912
18624, 20848
18624, 21520
18624, 24064
18624, -30368
18624, 42288
18624, 43232
18624, 7088
18624, 7728
18640, 13488
18640, 14480
18640, -15600
18640, 26576
18640, 33648
18640, 34016
18640, 38416
18640, 39408
18640, -5440
18640, 6128
18656, 36240
18656, -9552
18672, 16064
-1872, 28880
-18752, 30464
-18768, -14320
-18768, -24000
-18784, 17632
-18784, -31296
-18784, -33536
-18800, -18144
-18800, 22752
-18800, 24352
-18800, -25536
-18800, -25856
-18800, -29648
-18800, 38768
-18800, 4160
-18800, -42544
-18800, 6784
-18816, 25968
-18816, 26592
-18816, 32320
-18816, 43280
-18816, -544
-18832, -43472
-18848, 15072
-18848, -21344
-18848, -37664
-18864, 21152
-18864, -28688
-18864, 29488
-18864, -35472
-1888, 20160
-1888, 22128
-1888, -22992
-1888, 42656
-18880, -11792
-18880, -17248
-18880, 19584
18880, 42928
18896, 33312
18896, 5552
18896, -6000
18912, 14096
18912, -16256
18912, -16608
18912, -21376
18928, 2288
18928, -29984
18944, -27456
18944, 29168
18944, -37088
18944, 37776
18944, -4144
18960, 16400
18960, -23920
18960, 28544
18960, -40240
18960, 7760
18960, 8080
18976, -15264
18976, 5184
18992, 31408
18992, -3152
18992, 38752
-1904, 32336
-1904, 3584
-1904, -37728
-1904, 41024
-1904, 41312
-1904, 43280
-1904, 752
-1904, -8912
-19072, 39424
-19104, 18960
-19104, 21776
-19104, -33904
-19104, 6192
-19120, -12448
-19120, 12560
-19120, 2032
-19120, -39632
-19136, -15904
-19136, 21504
-19136, 25024
-19136, -27744
-19136, 28272
-19136, 34320
-19136, 37536
-19152, 35584
-19152, 5184
-19152, -896
-19168, 9616
-19184, 13824
-19184, 20512
-19184, 30448
-1920, 1936
1920, -33872
1920, -36704
19200, -11808
19200, -17520
19200, -25552
19200, -33248
19200, -40608
19216, 13520
19216, -24592
19216, 25040
19216, -2816
19232, -18192
19232, 18608
19232, -20736
19232, -29680
19232, 30160
19232, 33040
19232, -4096
19232, -41200
19248, -14016
19248, 18928
19248, 4544
19248, -8272
19264, 10288
19264, 13136
19264, -15616
19264, 32112
19264, -43456
19264, -4464
19264, -5984
19264, 6752
19280, 18272
19280, -21008
19280, 26352
19280, 31760
19280, -576
19296, 10944
19296, -11488
19296, 13808
19296, 14144
19296, -14928
19296, 28880
19296, 30480
19312, -42464
1936, 10304
1936, 37488
-19408, -35440
-19424, 10320
-19424, -20448
-19424, 32064
-19424, 37872
-19440, -18208
-19440, 38800
-19440, -6368
-19440, 704
-19456, 16064
-19456, 18592
-19456, 28576
-19456, 29168
-19456, -3472
-19456, 352
-19456, 4816
-19472, 16384
-19472, 17344
-19472, -22688
-19472, -2512
-19472, -31952
-19488, -28752
-19488, 32688
-19504, -41200
-19504, -9216
1952, -11744
1952, 27264
19520, -17568
19536, 20544
19536, 672
19552, 22800
19552, -23312
19552, -2496
19552, -28384
19552, -5408
19568, -10448
19568, 18304
19568, 2304
19568, -3120
19584, -11440
19584, 11872
19584, 1328
19584, 17984
19584, -22912
19584, -29424
19584, 37152
19584, -4704
19584, -9856
19600, -12352
19600, 26256
19600, -28096
19600, 31440
19600, 32992
19600, 4512
19600, 5168
19600, 5488
19600, 6160
19616, 10336
19616, -224
19616, -27472
19616, -33568
19616, -36752
19616, 38192
19632, 21488
19648, 40656
1968, 13184
1968, -14720
1968, 2272
1968, -34464
1968, -39968
1968, -41888
1968, -7952
-19728, 18560
-19728, -21728
-19744, 16032
-19744, -20096
-19744, -26176
-19744, 29168
-19744, 38800
-19744, 43232
-19744, 9952
-19760, 13840
-19760, -33888
-19760, 35888
-19776, -11136
-19776, 11904
-19776, 15712
-19776, -23616
-19776, 29488
-19776, 31136
-19776, -4400
-19792, -10768
-19792, 13504
-19792, 36880
-19792, -39296
-19792, -6304
-19792, 688
-19792, 7120
-19792, 9024
-19808, -22928
-19808, -28752
-19808, -31632
-19824, 12528
-19824, -208
1984, 19552
1984, -20720
1984, -3168
1984, -39632
19840, 17632
-19840, 9680
19856, -13728
19856, 18304
19856, -20080
19856, -31936
19856, -41856
19856, 7392
19856, -880
19872, -18816
19872, 27920
19888, -11744
19888, -14944
19888, 3248
19888, 36560
19888, -39664
19888, -39904
19904, 15488
19904, 15744
19904, -35104
19904, -35760
19904, 5504
19904, 9024
19920, -13376
19920, -17872
19920, 20560
19920, -28448
19920, 36208
19920, -38016
19920, -40512
19936, 30464
19952, 16048
19952, -23568
19952, 400
2000, -18816
2000, -22336
2000, -26176
2000, 8400
-20048, 21520
-20064, -11184
-20064, 12816
-20064, 2976
-20064, 32976
-20064, -5680
-20080, 21200
-20080, 36512
-20080, -38000
-20096, -21712
-20096, 24992
-20096, -29680
-20096, -6624
-20112, -15264
-20112, -16256
-20112, 16384
-20112, -37392
-20112, 38768
-20112, 6416
-20112, 672
-20128, 11584
-20128, 14496
-20128, -17568
-20128, -2240
-20128, -30992
-20128, -34528
-20128, -40304
-20144, -15584
-20144, -1872
-20144, -31648
-20144, 3632
-20144, 41328
-20144, 42624
-20144, -7632
2016, 17936
2016, -19504
2016, 21808
20160, -1856
-20160, 26944
20160, 36496
20160, -38944
-20160, -39296
20176, 24048
20176, 2624
20176, -4704
20192, -22656
20192, -40608
20208, 21520
20208, -22336
20208, -35472
20208, 35552
20208, 39440
20224, 20208
20224, 24688
20224, -35776
20240, 11888
20240, 27248
20240, 37856
20240, 42272
20240, -7968
20256, -15344
20256, -17856
20256, 3584
20256, -36720
20272, -1520
20272, 22816
20288, -2512
2032, -1856
2032, -4672
-20352, -29056
-20384, 14480
-20384, -27120
-20384, -38624
-20384, -41600
-20384, -43104
-20400, -13680
-20416, -15344
-20416, 38496
-20416, 40400
-20416, -42832
-20416, -6352
-20416, -8928
-20432, -10208
-20432, 32640
-20432, -6688
-20432, -7008
-20448, -34832
-20464, 10624
-20464, 38176
2048, -2784
-20480, 30736
-20480, -31952
-20480, -38080
20496, -15584
20496, -19184
20512, -33568
20512, 34000
20512, -35744
20512, 39712
20512, 64
20512, 736
20528, 11200
20528, 16080
20528, 19888
20528, 22448
20528, -37712
20528, 8704
20544, -22688
20544, 31040
20544, -40608
20544, 6832
20560, -2848
20560, -36384
20576, -11792
20576, -12112
20576, -19456
20576, -30336
20576, 7776
20576, -8864
20592, 16320
20592, -24288
20592, 28224
20592, 34912
20608, -11152
-20688, 25376
-20688, -38032
-20704, -14320
-20704, 2944
-20720, 17952
-20720, 27936
-20720, -33200
-20720, 35632
-20720, 7488
-20736, -10832
-20736, 12224
-20736, 18304
-20736, 18928
-20736, -20416
-20736, 25632
-20736, 28496
-20736, -28736
-20736, 33008
-20736, -34176
-20736, -35440
-20736, -38384
-20736, 41968
-20752, -12688
-20752, -29696
-20752, -30384
-20752, -31296
-20752, 36224
-20752, 42608
-20768, 21872
-20768, -25536
-20768, 33296
-20768, 37200
-20768, 42304
-20768, -9232
-208, 21472
-208, -26544
-20800, -35728
-20800, 36496
20800, -42832
-20800, -6032
20816, 17024
20816, -28064
20816, -3760
20832, -14032
20832, -21968
20832, 38096
20832, -40272
20832, -7296
20848, -10128
20848, -15632
20848, -27744
20848, 33360
20848, -34192
20848, 34656
20848, 3904
20864, 11584
20864, -13696
20864, 21536
20864, -24560
20864, -30352
20864, -37392
20864, 39072
20864, 4256
20864, 42608
20864, -944
20880, -14336
20880, -18832
20880, -20448
20880, -23648
20880, -33184
20896, 1008
20896, -10848
20896, 11856
20896, -20128
20896, 29824
20896, 8336
20912, -29408
20912, -43168
-21024, -10832
-21024, -4768
-21024, 7072
-21040, -17536
-21040, -19120
-21040, -2512
-21040, 5168
-21056, -12384
-21056, -15296
-21056, -26528
-21056, 41696
-21056, -6048
-21056, 672
-21072, -17888
-21072, 25344
-21072, 26272
-21072, -3424
-21088, 10576
-21088, 14112
-21088, 27600
-21088, -37664
-21088, -41536
-21088, -43488
-21088, 9328
-21104, -16576
-21104, 17008
-21104, 26592
-21104, 30752
-21120, -15600
-21120, -27808
21136, -33504
21152, -14992
21152, 26912
21152, -35824
21168, -23920
21168, -29040
21168, 31424
21168, -39296
21168, -8624
21168, 9280
21184, 1984
21184, -22032
21184, 23680
21184, -30016
21184, -31312
21184, -36448
21184, 37520
21184, 40032
21184, -40224
21184, -6688
21184, 7696
21200, -27440
21200, 32752
21200, -3728
21200, 41008
21200, 42304
21216, 20912
21216, 40752
21216, 9712
21232, -20416
21232, -32272
21232, -41872
-2128, 2928
-2128, 29872
-2128, 39088
-2128, -41584
-2128, 5856
-21344, 2624
-21360, 13456
-21360, -29984
-21360, 30512
-21360, 31136
-21360, 42608
-21360, -42784
-21376, 15456
-21376, -27776
-21376, -7568
-21392, -13984
-21392, -15040
-21392, 26000
-21392, -37040
-21408, 17648
-21408, -22976
-21408, -24928
-21424, 24064
-21424, 33344
-21424, 34016
-21424, 35904
-21424, -37664
-2144, -26448
21440, -1840
-21440, -25568
-21440, -34768
-21440, 720
21472, -10784
21472, 30128
21488, -13696
21488, 32032
21488, 32720
21488, -36064
21488, -6992
21504, 1008
21504, -16928
21504, -25584
21504, 25616
21504, 29216
21504, -40576
21504, -42160
21520, 12896
21520, -13360
21520, 22400
21536, -18832
21536, 22784
21536, 27552
21536, 30800
21536, -33248
21536, -34480
21536, -8880
21552, -11776
21552, 23392
21552, -29360
21552, 38128
21552, -39904
-2160, 10608
-2160, -16000
-2160, 18304
-2160, 23424
-2160, 25360
-2160, -29424
-2160, 34592
-2160, 416
-2160, 42960
-2160, 7392
-2160, -9856
-21632, 5456
-21664, -15328
-21664, 1936
-21664, -31952
-21680, -13040
-21680, 14768
-21680, 29168
-21680, 5840
-21696, -13408
-21696, -19168
-21696, -38016
-21696, -5376
-21712, 15472
-21712, 20560
-21712, 20896
-21712, 38176
-21712, -38320
-21712, -5040
-21712, 8048
-21728, 16960
-21728, -20432
-21728, 32096
-21728, -6336
-21744, 18000
-21744, 36864
-2176, 18960
-2176, 22752
-2176, -28064
-2176, 29536
-2176, -31600
-2176, 37232
-2176, 4912
21776, -10544
21792, -18192
21792, -29664
21792, 32976
21808, 14768
21808, -15952
21824, 16688
21824, -19472
21824, 34608
21824, -35424
21824, -40912
21824, 7136
21824, 8064
21856, 23456
21856, 39680
21872, 4880
21888, -24864
21888, 41312
-2192, -272
-2192, -2816
-2192, -33552
-2192, -6064
-2192, -6960
-21984, -16272
-21984, -21696
-21984, 36848
-22000, 15744
-22000, -23600
-22000, 29808
-22000, 33696
-22000, -36720
-22000, 3888
-22000, -5728
-22000, -7248
-22016, 1312
-22016, 13536
-22016, 23760
-22016, -2784
-22016, 31136
-22016, -37408
-22016, -3824
-22016, 41040
-22016, -6672
-22016, -7648
-22032, -18160
-22032, -23360
-22032, 24720
-22032, 25712
-22032, 28480
-22032, -40000
-22032, -4800
-22048, -1264
-22048, -14640
-22048, -30704
-22048, -30976
-22048, -3472
-22048, -9504
-22064, 11312
-22064, 18656
-2208, 1008
-2208, -25504
-2208, 31072
-2208, 38128
22096, 19328
22096, 35888
22112, -18192
22112, -2752
22112, 352
22128, 13216
22128, 13808
22128, -24576
22128, 3904
22128, -42208
22128, -42512
22144, -14384
22144, 21888
22144, 33376
22160, 21488
22160, 33648
22160, 34288
22160, -3456
22160, 40032
22176, -10448
22176, -19184
22176, 29184
22176, -36080
22176, -4080
22192, -15008
-2224, -35504
-2224, 5472
-2224, -8896
-22272, 3616
-22288, -20112
-22304, -15616
-22304, -912
-22320, 1040
-22320, 17008
-22320, 19232
-22320, 20512
-22320, 20880
-22320, 6480
-22336, -15904
-22336, -19088
-22336, -19776
-22336, -34160
-22336, -34448
-22336, -37360
-22336, -40896
-22352, 16032
-22352, 18272
-22352, -35440
-22352, 39104
-22352, 42624
-22368, 38144
-22368, -4736
-22384, -25824
-22384, -32880
-22384, 9648
-224, -11120
-224, 12288
-224, -13392
-224, -19184
-2240, -25216
-2240, 6816
22400, -13088
22400, 23104
22400, -29088
-22400, 33648
22416, -26224
22416, -28480
22416, -36384
22416, 6832
22432, 1664
22432, 23760
22432, -37056
22448, 16704
22448, -21632
22448, -2816
22448, 35216
22448, 35568
22448, -37696
22448, -40560
22464, -13408
22464, -24608
22464, -3104
22464, -41856
22480, -11776
22480, -16944
22480, -39328
22480, -41248
22496, 12288
22496, -20752
22496, 3264
22496, 42576
22512, -22688
22512, 29504
2256, 17984
2256, -43456
-22608, -18864
-22608, 23424
-22608, -24240
-22624, 22416
-22624, 23712
-22624, -41552
-22640, 14448
-22640, -31664
-22640, 42880
-22656, -13344
-22656, -28736
-22656, 31104
-22656, -39952
-22656, 40384
-22672, -11472
-22672, 17376
-22672, 21520
-22672, 27536
-22672, -32928
-22688, 28192
-22688, 28864
-22688, 34592
-22704, -13072
-22704, 37808
-22704, 41632
2272, -12416
2272, 23440
2272, -26160
2272, -28704
2272, 29520
2272, -8528
22720, -43472
22736, 10656
22736, 22128
22736, 2912
22736, -33520
22752, -10816
22752, 29504
22752, -35136
22752, 42016
22752, 42672
22768, -16880
22768, -25520
22768, -32592
22768, 41632
22768, -608
22768, 7712
22784, -19104
22784, 26976
22784, -3072
22800, 11936
22800, 14768
22800, 1984
22800, -22976
22800, -29408
22800, -33264
22800, 43264
22816, 18608
22816, 19536
22816, -22624
22816, 3264
22816, 36208
22832, -35440
22832, -39008
2288, 14144
2288, -19456
2288, 21168
2288, -25856
2288, -29728
2288, -31616
2288, 39424
-22928, -39616
-22928, -9888
-22944, -11776
-22944, 24064
-22944, 32704
-22944, -36752
-22960, 26624
-22960, -32208
-22960, -43488
-22976, 32048
-22976, -33520
-22976, -35152
-22976, 40432
-22976, -42464
-22992, 20848
-22992, 24400
-22992, -3152
-22992, 33360
-22992, 37520
-22992, -40624
-22992, 6464
-23008, 2896
-23024, 23040
-23024, 42576
2304, -14992
2304, 31424
2304, 32368
2304, -32864
2304, -4112
2304, -5056
23040, -11152
-23040, -22368
23056, -10560
23056, 32096
23056, -544
23072, 24032
23072, 34624
23072, -41264
23072, -42816
23072, 42944
23088, -1248
23088, -31648
23088, -32240
23088, 33952
23088, -40576
23088, -6016
23088, -7280
23104, -30640
23104, -33536
23104, -38608
23120, -14384
23120, 2912
23120, -35520
23136, -15008
23152, -36064
2320, 22736
2320, -6368
-23264, -10208
-23264, -22288
-23264, 34976
-23264, 38480
-23264, -40912
-23264, -592
-23264, -8560
-23280, 13488
-23280, -6000
-23296, -15280
-23296, -27760
-23296, 35616
-23296, 41936
-23296, -43440
-23296, -7632
-23296, 992
-23312, -1520
-23312, -16608
-23312, 1968
-23312, -21392
-23312, 25072
-23312, 29184
-23312, 39760
-23312, -6640
-23328, 13824
-23328, -32272
-23328, 42944
-23344, -37040
-23344, -4704
2336, -11520
2336, -12048
2336, -19152
-23360, -19440
-23360, -2240
23376, -18144
23376, -26544
23376, -8208
23376, 9296
23392, -25856
23392, 31088
23392, 5136
23392, -9504
23408, 27616
23424, -10496
23424, 12912
23424, -31616
23424, 33312
23424, -34208
23424, -43136
23440, -12096
23440, -36720
23440, -41872
23440, -43408
23440, 4544
23456, 10288
23456, 22144
23456, -22960
23456, 36544
23456, 384
23456, -39616
23456, -40256
23472, 18288
2352, 31056
-23568, 29552
-23568, -31296
-23584, 12544
-23584, 35600
-23584, -39360
-23584, 43216
-23584, -5072
-23600, -21696
-23616, 19888
-23616, -23648
-23616, 29808
-23616, -32880
-23616, 36176
-23616, -38032
-23616, -6688
-23616, 9040
-23632, 11600
-23632, -11744
-23632, -20432
-23648, 27264
-23648, 3568
-23648, -37376
-23664, -22960
-23664, -30032
-23664, 4288
-23680, 30176
23680, 35296
23680, 35552
-23680, 8688
23696, 31696
23696, -37376
23696, -39040
23696, -6048
23712, -22640
23728, 30080
23728, -34816
23744, -15616
23744, 23760
23744, 25360
23744, -29680
23744, -39904
23760, -18864
23760, 38448
23760, -6352
23760, 6448
23760, -7936
23776, -1824
23776, 22512
23776, 24336
23776, 33984
23776, -5056
23792, 27200
23792, 36576
23792, 41328
23792, -42192
23792, 9968
-23888, -32880
-23904, -17888
-23904, 29856
-23904, 38416
-23904, -4096
-23920, 20832
-23920, 31744
-23920, 33376
-23920, 39088
-23920, -6688
-23936, 1360
-23936, -9184
-23952, -13072
-23952, 33680
-23968, 18256
-23968, 19568
-23968, -2480
-23984, -13760
-23984, -35136
-240, -13744
-240, 24096
-240, -24544
-240, -27472
-240, 32400
-240, 33680
24000, 30112
24016, 25632
24016, -35088
24016, 36800
24032, 13824
24032, -18864
24032, 23712
24032, -4112
24032, 6464
24032, -7904
24048, 11312
24048, -30288
24048, 37856
24048, -41280
24048, 8336
24064, 14768
24064, 27552
24064, -32576
24064, 3280
24064, -5728
24064, 9984
24080, 11600
24080, 16064
24080, 5504
24080, -6704
24096, -11456
24112, -25856
24112, 2976
24112, 34944
24112, -36064
24128, 7392
-24192, -33888
-24208, 41024
-24208, -7616
-24224, 14480
-24224, -29664
-24224, 9600
-24240, 1648
-24240, 29760
-24240, 3552
-24256, -12800
-24256, 19232
-24256, 29184
-24256, 31744
-24256, -40208
-24256, -41872
-24256, -42800
-24272, -22064
-24272, -2496
-24272, 2672
-24272, 4208
-24272, -42144
-24272, 43296
-24272, 656
-24272, 8720
-24288, 17920
-24288, 6160
-2432, 26000
24320, 28560
24320, 7120
24320, 7776
24336, 14448
24336, -18784
24336, -22992
24336, -37408
24336, 38160
24352, 42336
24368, 11328
24368, 11584
24368, 13232
24368, -28416
24368, 30448
24368, -37008
24384, 14768
24384, -1568
24384, -19440
24384, -24896
24384, -25552
24384, -33488
24384, 33600
24400, 15744
24400, -16528
24400, -6672
24416, -15968
24416, 1664
24416, 18288
24416, -9904
24432, 16048
-24528, -13040
-24528, 42672
-24528, -6368
-24544, -31312
-24544, 34304
-24544, 43248
-24560, -12720
-24560, 16432
-24560, -18208
-24560, 18320
-24560, 18976
-24560, 2352
-24560, 34000
-24560, -8256
-24576, 13520
-24576, -16880
-24576, 17328
-24576, 2016
-24576, -40592
-24592, -21408
-24592, 38800
-24592, -8624
-24608, -21712
-24624, -27792
-24624, 30160
-24624, -30336
-24624, 6768
-2464, 14160
-2464, -41536
24640, -27744
24640, -30352
-24640, -42208
24656, 14800
24656, 30512
24672, 15776
24672, -25280
24672, -32576
24672, 34640
24672, 36848
24688, 12208
24688, 17920
24688, 30800
24688, 3536
24704, 16400
24704, 16720
24704, -2176
24704, -26784
24704, 43296
24704, -9872
24720, -22304
24720, -23936
24720, -38080
24720, -7024
24736, -14304
24736, 29824
24736, -7280
24752, -41552
24752, 4848
-2480, -1248
-2480, -16912
-2480, -24864
-2480, -29040
-2480, -31600
-2480, -38656
-24848, 13152
-24864, -12416
-24864, -30016
-24864, -30352
-24864, -3792
-24864, -5040
-24880, 11264
-24880, 17376
-24880, 2992
-24880, 31424
-24880, 33344
-24880, 37792
-24896, -19456
-24896, 25376
-24896, 36512
-24896, -39568
-24896, -5392
-24896, -7264
-24896, -912
-24896, -9872
-24912, 21792
-24912, -26800
-24912, -29392
-24928, 17696
-24928, 21488
-24928, 41024
-24928, 7792
-24944, 12544
-24944, -33600
-2496, -18144
-2496, 19920
-2496, -21664
-2496, -32288
-2496, 3280
-2496, 40368
-2496, -5328
-24960, -24624
24960, 9968
24976, 30144
24976, 37824
24976, 42576
24992, -20768
24992, -26480
24992, 6768
24992, 8400
24992, -8576
25008, -20432
25008, 25984
25008, -28080
25008, -3120
25008, 36864
25008, -6368
25008, 8720
25024, 11200
25024, -15024
25024, 15424
25024, 16736
25024, -21120
25024, 37456
25024, -41856
25024, 41984
25024, 48
25040, 13184
25040, 23760
25040, -31584
25040, 36560
25040, -38976
25040, -42112
25056, 19296
25072, -30672
25072, 33392
25088, -288
25088, -6672
-2512, -11184
-2512, 17008
-2512, 38752
-2512, -4080
-25168, 2032
-25168, -7280
-25184, -13696
-25184, 21184
-25184, -6320
-25184, -9872
-25200, 10928
-25200, -1568
-25200, -19792
-25200, -25504
-25200, 26976
-25200, 30768
-25200, -32208
-25216, -11472
-25216, 36256
-25216, 41312
-25232, -15264
-25232, 19616
-25232, 26240
-25232, 32032
-25232, -36416
-25232, 4512
-25232, 7424
-25248, 14192
-25248, -20736
-25248, 23472
-25248, -35472
-25264, -17856
-25264, 40704
-25264, 8048
-2528, 1088
-2528, 22416
-2528, -23008
-2528, -30960
-2528, 39424
-2528, 8720
25280, -9504
25296, 24720
25296, 25280
25296, -5744
25312, -15904
25312, 29184
25312, -9184
25328, -30368
25328, -31888
25328, -39296
25344, 14448
25344, -1840
25344, -35456
25344, 39072
25344, 40080
25360, -16576
25360, 2016
25360, 30800
25360, -33200
25360, 33344
25360, 37184
25360, 64
25360, -8880
25376, 12544
25376, 14800
25376, 33600
25376, 6144
25376, -8240
25392, -13328
25392, 40352
-2544, 24096
-2544, 25648
-25488, -18112
-25504, 10352
-25520, 15392
-25520, 16384
-25520, -24576
-25520, -25568
-25520, -28064
-25520, -7328
-25536, -22624
-25536, -3152
-25536, -40864
-25536, -5008
-25552, 12848
-25552, 15728
-25552, -17840
-25552, 19600
-25552, -19824
-25552, 22144
-25552, 26288
-25552, -26800
-25568, 2000
-25568, -2480
-25568, 30480
-25568, 4544
-25568, 4880
-25568, -6000
-25584, 25056
-25584, 4176
-256, -14000
-256, -15296
-256, 28560
-256, 5152
-256, -9536
-2560, -11792
2560, -24256
2560, 25056
-2560, 35296
2560, 5200
-25600, -31008
-25600, 35232
25616, 17664
25632, 11584
25632, 11936
25632, 1680
25632, -22368
25632, -22992
25632, 6464
25632, 9040
25648, 1344
25648, 33984
25648, -37104
25648, 7744
25664, -19472
25664, -25840
25664, 40048
25664, 41328
25664, -42448
25680, 26656
25680, -34464
25696, -13328
25696, 23392
25696, 2960
25696, 30752
25712, -19824
25712, 34304
25712, -8912
25728, 8704
-25824, -29664
-25824, -30656
-25840, 10912
-25840, -17888
-25840, 6784
-25856, 17024
-25856, -1888
-25856, -19168
-25856, 29216
-25856, -33856
-25856, -34464
-25856, -6976
-25856, -9216
-25856, -9552
-25872, -18208
-25872, -22960
-25872, -28416
-25888, -15936
-25888, -2480
-25888, -8912
-25904, -11152
-25904, 11312
-25904, 19536
-25904, 320
2592, -15024
2592, 18944
-25920, 41664
25936, 14512
25936, -19088
25952, -10464
25952, 26656
25952, 37200
25952, -40608
25968, 19216
25968, 21504
25968, -2160
25968, 24992
25968, 25312
25968, -25824
25968, -3760
25968, -8528
25968, -880
25984, -10160
25984, 21184
25984, 40352
25984, 41024
25984, 5152
25984, 7776
25984, -8896
25984, 9056
26000, 11312
26000, -13696
26000, -27168
26000, -2800
26000, -28480
26000, 29504
26000, 30432
26000, -38944
26016, 14800
26016, -27504
26016, 43232
2608, -11728
2608, 24416
2608, -27424
2608, -39312
2608, -8944
-26144, 15792
-26144, -17520
-26144, -30048
-26160, -24592
-26160, -28080
-26160, -5408
-26160, -6992
-26176, 33344
-26176, -37392
-26192, 24352
-26192, 29472
-26192, -29712
-26192, 5504
-26208, -29440
-26208, -38064
-26208, -592
-26224, -23968
-26224, 2912
-26224, 31472
-26224, -36736
-26224, -43120
2624, -10800
2624, 20848
2624, -2160
2624, 2256
2624, -30000
2624, 30496
2624, -33808
2624, -38064
-26240, -10848
-26240, 15360
-26240, -9216
26272, 11552
26272, 11904
26272, 18608
26272, 27232
26272, 30160
26272, 30432
26288, -15872
26288, -19104
26288, -26176
26288, -32880
26288, 3872
26288, 5216
26304, 21488
26304, -27440
26304, 39120
26304, -6384
26320, -42160
26320, 7712
26320, -8240
26336, -17888
26336, -24864
26336, -34816
26352, 33328
26352, 40352
2640, 14432
2640, -16592
2640, 21776
2640, -35152
2640, -9568
-26432, -8576
-26448, 11264
-26448, 25664
-26464, 13824
-26464, -15680
-26464, -35168
-26464, 37840
-26464, 9984
-26480, 24048
-26480, -30688
-26480, -624
-26480, -9856
-26496, 14464
-26496, -30000
-26496, 32416
-26496, -34192
-26496, -39632
-26496, 41632
-26496, 7424
-26512, -18560
-26512, 19936
-26512, -22048
-26512, 29472
-26512, 31088
-26512, 36912
-26512, -37408
-26512, -41808
-26512, 42624
-26528, 20832
-26528, -22704
-26528, 2368
-26528, -38064
-26544, -11776
-26544, -17920
-26544, -256
-26544, 25984
2656, -18784
2656, 20192
2656, -27120
2656, 34000
26560, -7968
26576, -19728
26576, 29840
26576, -3136
26576, 35568
26592, -35728
26608, -18448
26608, -32576
26624, 16048
26624, 23744
26624, -39312
26624, -39600
26624, -40576
26624, 8384
26640, -12096
26640, -1520
26640, -28128
26640, -30976
26640, -43440
26640, -4752
26656, -33872
26672, 10608
26672, 32048
26688, 640
2672, -32560
-26768, -14368
-26768, -16912
-26768, -24256
-26784, 15456
-26800, -21648
-26800, 28848
-26800, -38032
-26800, 5520
-26816, 10304
-26816, -1248
-26816, 20224
-26816, -23616
-26816, -24560
-26816, 25360
-26816, -25552
-26816, 26928
-26816, -35440
-26816, 40416
-26816, 8080
-26816, -9888
-26832, 13520
-26832, 17024
-26832, -22080
-26832, 3264
-26832, 34640
-26832, -38928
-26832, -39920
-26832, 9984
-26848, 17712
-26848, 21536
-26848, -35136
-26848, 38144
-26864, 20816
-26864, 6192
-26864, 6816
-26880, -32256
-26880, 41680
26896, -43168
26912, -11136
26912, 28496
26912, 4224
26928, -36752
26928, -38704
26928, 41616
26928, 80
26944, -17824
26944, 19552
26944, -2512
26944, -3456
26944, 36160
26944, -4080
26944, 42944
26944, 5152
26944, 7104
26944, 7744
26960, -19136
26960, 19248
26960, 32048
26960, 32416
26960, 34320
26960, -41504
26960, -41824
26976, -18192
26976, -20432
26976, 22080
26976, -25200
26976, 29808
26976, 33968
26976, -38976
26992, -27136
26992, -31584
26992, -8576
-27072, -38352
-27088, -13648
-27088, -16928
-27088, 19280
-27088, 32096
-27088, 5520
-27120, 18640
-27120, 21824
-27120, 36592
-27136, -10832
-27136, -17920
-27136, -33568
-27136, -39296
-27136, 7088
-27152, 15072
-27152, -29392
-27152, -34192
-27168, 17376
-27168, -24624
-27184, -576
-27184, -8272
-272, 22112
-272, 35632
-272, -37376
-272, -4768
27216, 30784
27216, -35152
27232, 28544
27232, -3776
27248, -10784
27248, -12736
27248, -22992
27248, -26768
27248, -27120
27264, 11216
27264, 15088
27264, -22672
27264, 27232
27264, 31088
27264, -37952
27264, 38144
27264, 38752
27264, 64
27280, -21056
27280, 21488
27280, -26160
27280, 34288
27280, 37792
27280, -6016
27296, 10992
27296, -11152
27296, 13808
27296, -16256
27296, 2016
27296, -28368
27296, 3904
27296, 6144
27312, 8032
-27392, 31424
-27408, -26800
-27408, -38320
-27408, -40256
-27408, -4768
-27408, 8368
-27424, 11616
-27424, -13088
-27424, -32848
-27440, 1040
-27440, -16880
-27440, -31920
-27440, 37536
-27440, 41344
-27456, -18176
-27456, 25056
-27456, -256
-27456, 28256
-27456, 30128
-27456, -33568
-27456, 39072
-27456, -41856
-27456, -7632
-27472, -23616
-27472, -24560
-27472, -24912
-27472, -35088
-27472, 37216
-27488, 10576
-27488, -35504
-27488, 3904
-27504, 6768
27520, 28240
27520, -2864
27536, -17584
27536, 22800
27552, -3728
27552, -38960
27552, 6800
27552, -8288
27568, 20512
27568, -27120
27584, -12432
27584, 17008
27584, 19936
27584, 5200
27584, 6432
27600, 10624
27600, -19136
27600, -27440
27600, 33376
27600, -33504
27600, 39072
27600, -7664
27616, 15056
27616, 31744
27616, -896
-2768, 26928
-2768, 32096
-2768, -37328
-27712, 8432
-27728, 36576
-27728, 39120
-27744, -16320
-27744, 36880
-27744, -40592
-27744, 5216
-27760, -20416
-27760, -26192
-27760, -272
-27760, -27760
-27760, -37040
-27760, -4064
-27760, -42544
-27776, 2624
-27776, -27440
-27776, 37856
-27776, -38672
-27776, 7088
-27776, 7712
-27792, 18624
-27792, -2464
-27792, -32240
-27792, 35904
-27792, 4224
-27792, 4544
-27792, -5728
-27808, -16912
-2784, -10192
-2784, 31776
27840, 19280
27856, -16560
27856, 34912
27872, -4736
27872, -7328
27888, -11440
27888, -19104
27888, -2176
27888, -29648
27888, 34256
27888, -36384
27888, 41616
27888, 9040
27904, 11200
27904, 13472
27904, 14096
27904, -18816
27904, 21200
27904, 28256
27904, -3136
27904, 34624
27904, -39040
27904, -41904
27904, 42016
27904, 5520
27904, 9952
27920, -27808
27920, 4544
27920, -9216
27936, 19888
-2800, 11600
-2800, -18528
-2800, 20560
-2800, 21152
-2800, 29488
-2800, -30656
-2800, -31312
-2800, 40688
-28048, 18304
-28064, 12208
-28064, 38784
-28064, 5504
-28064, -6720
-28080, -20752
-28096, -22624
-28096, 2320
-28096, 26608
-28096, -3472
-28096, 40976
-28096, -6048
-28112, 40384
-28112, 42624
-28128, -14352
-28128, 28240
-28128, 40736
-28144, 29216
-2816, -17888
-2816, 18960
-2816, 20256
-2816, -22992
-2816, 29184
-2816, 368
-2816, -38000
-2816, -41552
-2816, -43488
-2816, -4448
-2816, 7696
28160, -36672
28176, -25584
28192, 10896
28192, -12384
28192, -20416
28192, -29408
28192, 3552
28192, -6304
28192, 8384
28208, 1024
28208, -18224
28208, -20736
28208, -256
28208, -29664
28208, -30640
28208, 36240
28208, -40560
28224, 11936
28224, 12896
28224, -13392
28224, -38336
28224, 7744
28240, -11152
28240, -11760
28240, -2176
28240, -21968
28240, -27136
28240, -2768
28240, -33216
28240, 35616
28240, 38480
28240, 720
28256, 13488
28256, 16688
28256, -7600
28272, 26880
-2832, -12368
-2832, -256
-2832, -25856
-2832, -29440
-28368, -26832
-28368, -30976
-28384, -33216
-28384, 37504
-28384, -8624
-28400, -15312
-28400, -23904
-28400, -26544
-28400, -32272
-28400, -33568
-28400, 36896
-28400, -38048
-28400, 5536
-28416, -22672
-28416, 26320
-28416, 32656
-28416, 336
-28416, 37824
-28416, -42224
-28432, 11248
-28432, 22416
-28432, 2640
-28432, 31040
-28432, -41232
-28432, -41840
-28448, -23344
-28448, -28112
-28448, 41344
-28448, -6976
-28464, 1712
-28464, -25232
-28464, -272
-28464, 34000
-2848, 14816
-2848, 18672
-2848, 22432
-28480, 13808
28496, -19104
28496, -27520
28496, 32
28496, 3312
28496, 42624
28512, -32592
28512, -608
28528, -1504
28528, 2272
28528, -23600
28528, -256
28528, -26512
28528, -31632
28528, -9808
28544, -14656
28544, 15376
28544, -23328
28544, 26608
28544, 3536
28560, -2240
28560, 25344
28560, -28720
28560, 31088
28560, -36432
28560, 4848
28560, -8624
28576, 29136
28576, -36080
28576, 38784
28576, -43136
28592, 23104
-2864, 14432
-2864, 31440
-2864, -35168
-2864, 5472
-28688, -35776
-28688, 5488
-28688, 704
-28704, -14960
-28704, 18912
-28704, -1904
-28704, 6464
-28720, 21840
-28720, -23968
-28720, -29040
-28720, -3760
-28720, -41904
-28736, -23632
-28736, -30320
-28736, 33024
-28736, 34304
-28752, -15312
-28752, 35584
-28752, -40560
-28768, 16368
-28768, 22096
-28768, 22448
-28768, 24688
-28768, -24944
-28784, 12848
-28784, 23376
-288, 33360
-2880, 32352
-28800, -11840
28816, 30144
28832, 12288
28832, 18304
28832, -36112
28832, 37184
28832, -40864
28848, -1264
28848, -22640
28848, 25040
28848, -27728
28848, -37984
28848, 39136
28848, -40608
28864, -12096
28864, 38448
28864, 40048
28864, 672
28880, -10800
28880, -21072
28880, -2128
28880, 30800
28880, -40240
28880, 9040
28896, -29424
28912, -20400
28912, 7680
2896, -1856
2896, -30288
2896, 36224
-28992, -23616
-28992, 6800
-29008, 3600
-29008, 39152
-29024, 12544
-29024, 13808
-29024, 14800
-29024, -20096
-29024, 29488
-29024, 42240
-29040, 2272
-29040, -33248
-29040, 33664
-29040, -39264
-29056, 14480
-29056, 15392
-29056, 18656
-29056, 25936
-29056, 30768
-29056, 35552
-29056, -42496
-29072, -16608
-29088, -10768
-29088, 26288
-29088, 28528
-29088, -34192
-29088, -912
-29104, 12272
-29104, 1360
-29104, 21840
-29104, 29168
-29104, -38000
-29104, 42000
2912, -15648
2912, 19584
2912, 27616
29136, 14112
29136, 17376
29136, -28064
29136, -37376
29136, 5536
29152, -16256
29152, 34624
29152, 35232
29152, 4896
29168, 14464
29168, 16976
29168, 22464
29168, 2608
29168, 29184
29168, 42640
29168, 6512
29184, 12176
29184, 39088
29184, -39680
29184, -40928
29200, -12064
29200, 18640
29200, -20144
29200, -21056
29200, -21376
29200, -34192
29200, -38976
29200, -41872
29200, 43264
29216, 13168
29216, -28736
2928, 11872
-29328, 11584
-29328, -2192
-29328, 29152
-29344, 21856
-29344, 6096
-29360, -18448
-29360, -19456
-29360, 26640
-29360, 39136
-29376, 1008
-29376, -30400
-29376, -4096
-29376, 41344
-29376, 42000
-29376, -5440
-29392, 11888
-29392, -13728
-29392, 15696
-29392, -31328
-29392, 33616
-29392, -34208
-29408, -22320
-29408, 24096
-29408, -27488
-29408, -5984
-29408, -7568
-29408, -9216
-29424, -21328
-29424, 24368
2944, -16624
2944, 17968
2944, 18576
2944, 19920
2944, -25600
2944, 30480
2944, -7664
-29440, -16896
29440, -3152
-29440, 40032
-29440, 8064
29456, -13056
29456, 28288
29456, 35600
29472, 29184
29472, 33936
29472, 35888
29472, 384
29472, -39008
29488, 19216
29488, -2464
29488, -36064
29504, 2960
29520, 11856
29520, 28816
29520, -35488
29520, -41184
29520, 42944
29536, 21184
29536, -2176
29536, -28704
29552, -17840
29568, 23424
29568, -32528
2960, -2144
2960, 23456
2960, -25248
2960, 26640
2960, 31776
-29648, -36768
-29648, 6512
-29664, 14464
-29664, -16224
-29664, 22128
-29664, 27568
-29664, 30416
-29664, -34784
-29664, -39280
-29664, 40352
-29664, -42224
-29664, 64
-29680, 10944
-29680, -13040
-29680, 13184
-29680, -14672
-29680, 14784
-29680, 20192
-29680, 26592
-29696, -11456
-29696, -29376
-29696, -304
-29696, -3136
-29696, 34608
-29696, 42624
-29712, 12560
-29712, 12912
-29712, -18160
-29712, 18912
-29728, -3760
-29728, -7632
2976, 2560
2976, 28576
2976, 30768
2976, -39008
-29760, -17568
-29760, -23280
-29760, -24928
29776, -40256
29776, 42896
29792, 19280
29792, 2352
29792, 24640
29792, 30528
29792, -31280
29792, 35600
29792, 80
29808, -12704
29808, -20736
29808, 31744
29808, 33024
29808, -3504
29808, 38480
29808, 4208
29824, -15968
29824, 29824
29824, 3584
29824, -4416
29824, -896
29840, 12592
29840, 35872
29872, 16368
2992, 19280
-29968, 39712
-29968, -5440
-29984, -26144
-29984, -39616
-30000, 33392
-30016, -24304
-30016, 30416
-30016, 31072
-30016, 32400
-30016, 33008
-30016, -33232
-30016, 36864
-30016, -43104
-30032, -10224
-30032, -13712
-30032, 20160
-30032, -21072
-30032, 24688
-30032, 38160
-30032, 8032
-30032, 8688
-30048, -10832
-30048, -21424
-30048, -22368
-30048, 28528
-30048, 3264
-30048, -39312
-30064, -40880
-30064, -5104
30080, -17536
-30080, -32240
30096, 11232
30112, -19488
30112, -3184
30112, -35168
30112, -9904
30128, -1584
30128, 26336
30128, 33632
30144, 12576
30144, 1328
30144, 19264
30144, 19904
30144, -31600
30144, -32944
30144, -34480
30144, 34576
30144, 37504
30144, -8896
30160, 1008
30160, -13056
30160, -16256
30160, -2816
30160, 36224
30160, -43120
30160, -4384
30176, 28576
30192, -34768
30192, -8544
-30288, -1232
-30288, -9216
-30304, 29120
-30304, 32048
-30304, -35456
-30320, -23680
-30320, -31968
-30320, 7792
-30336, -1536
-30336, 35568
-30352, -17536
-30352, 17616
-30352, 19296
-30352, 23472
-30352, -27120
-30352, 38768
-30352, -39584
-30352, 672
-30368, 17040
-30368, 1936
-30368, -37360
-30368, -38624
-30368, -39952
-30368, -6352
-30384, 16
-30384, -33280
-30384, -38976
-30384, -42848
-304, 21824
30400, -18784
-30400, 26272
30400, 34592
30416, 32400
30416, 38192
30432, -19184
30432, 2352
30432, -928
30448, 17952
30448, 26272
30448, 35568
30448, -37056
30448, -9552
30464, -10528
30464, 18288
30464, 21168
30464, -22048
30464, 24976
30464, 25312
30480, 19520
30480, 20224
30480, 21808
30480, 36544
30480, -42160
30480, -6640
30496, -38960
-30608, 35200
-30608, 768
-30640, 10272
-30640, 16736
-30640, -29392
-30640, 33040
-30640, -36736
-30640, 36864
-30656, -14016
-30656, 14160
-30656, -1536
-30656, -15616
-30656, -22656
-30656, 26928
-30656, -35744
-30656, -36400
-30656, 368
-30656, -41520
-30656, -43088
-30656, 4592
-30672, -22032
-30672, 3264
-30672, -37360
-30672, 43296
-30688, -13344
-30688, -23936
-30688, 28864
-30688, 29536
-30688, 9632
-30688, 9920
-30704, 8720
-3072, -37712
30720, -15968
-30720, -37696
-30720, -4416
30736, -16208
30736, 29824
30736, -3808
30752, -25216
30752, 27936
30752, 40352
30752, 9392
30768, -13088
30768, -27792
30784, 20192
30784, -22384
30784, -32560
30784, 42240
30784, -8928
30800, 1952
30816, -13392
30816, 19904
30816, 7712
30848, -38960
-3088, -15904
-3088, -20064
-3088, 7456
-30912, 41392
-30928, 15776
-30928, 22736
-30928, -36096
-30944, -23584
-30944, -30016
-30960, -28096
-30960, -39664
-30960, -9824
-30976, 31440
-30992, -18144
-30992, -31296
-31008, -21056
-31008, -26800
-31008, -8592
-31024, -13984
-31024, -15008
-31024, -37744
-31024, 43232
-3104, -40864
-3104, -5392
-3104, 9984
31040, -35168
31056, 22464
31056, -5104
31072, -23280
31072, 23760
31072, 35280
31072, -36112
31072, -8544
31072, -8896
31088, 24720
31088, 30784
31088, -31328
31088, -33232
31088, 40368
31088, 5120
31088, -6944
31104, -13648
31104, 14464
31104, -15600
31104, -28688
31104, -31632
31104, -31904
31104, 34000
31104, -34176
31104, 34304
31104, 37840
31120, 12912
31120, -20448
31120, 33664
31120, -34560
31120, -3776
31120, 40704
31136, 15776
31136, -26192
31136, 2912
31136, -42832
31152, -15328
31152, 36224
-3120, -36096
-3120, -7952
-31232, 2624
-31248, 1680
-31248, -39936
-31248, 42304
-31264, -13024
-31264, 15088
-31264, 16720
-31264, 29888
-31264, -34496
-31264, 8048
-31280, -17232
-31280, -21424
-31280, -28416
-31280, -29440
-31280, -31904
-31280, 37840
-31296, -14992
-31296, 25344
-31296, 28512
-31296, -34160
-31296, -4432
-31312, 11888
-31312, -14336
-31312, -20448
-31312, 23136
-31312, 35232
-31312, -36368
-31328, -15936
-31328, -37408
-31328, 4528
-31344, -21072
-3136, 1648
-3136, -19472
-31360, 26304
-31360, 31424
31376, -10480
31376, 10928
31376, -21648
31376, 2256
31376, 37456
31376, 42624
31392, 1664
31392, 9360
31408, -30656
31408, 33936
31408, 352
31408, -39248
31408, -41808
31408, -6352
31408, -896
31408, -9520
31424, 1344
31424, -15648
31424, -30992
31424, 33392
31440, -14608
31440, -40576
31456, 41344
31456, 42336
31472, -32288
-3152, -14048
-3152, -19840
-3152, 22128
-3152, 34000
-3152, 39088
-3152, -41520
-3152, 4864
-3152, 6768
-3152, 8112
-31568, 15104
-31568, 32064
-31584, -11744
-31584, 15408
-31584, -17824
-31584, 26944
-31584, -9920
-31600, 19200
-31600, -24560
-31600, 33696
-31600, -33856
-31600, -40560
-31600, -6608
-31616, 31712
-31632, 12544
-31632, -23648
-31632, -37104
-31632, -40944
-31632, 7776
-31648, -17200
-31648, -1888
-31648, 37840
-31664, -5360
-3168, -38384
31696, -10480
31696, 10944
31696, -23264
31696, -27840
31712, -22304
31712, 22480
31712, 24688
31712, 30160
31712, 33024
31712, 39712
31728, -15280
31728, 33376
31728, 34304
31728, -38336
31728, -39312
31728, -42208
31728, 4816
31728, -7616
31744, 13152
31744, -19104
31744, -26848
31744, -33584
31760, 15104
31760, 15424
31760, -17232
31760, 30720
31760, -37376
31776, 17376
31792, 12560
31792, -39920
31792, 42304
31792, 5760
31808, -43440
-3184, 28528
-3184, -31920
-31888, -33248
-31904, 26944
-31904, -35120
-31904, 9312
-31920, 31120
-31920, -38000
-31936, 12560
-31936, 1328
-31936, 14784
-31936, 21488
-31936, 23440
-31936, -23600
-31936, -28096
-31936, -31648
-31936, -42480
-31936, -43488
-31936, -5056
-31936, -8256
-31952, 11568
-31952, -22048
-31952, -32560
-31952, 39408
-31952, 4576
-31968, -256
-31968, 25952
-31968, -42800
-31968, -8880
-31968, -896
-31984, 15712
-31984, 17664
32, 30800
32, 37152
32, -9232
320, 20832
3200, -36768
-3200, -37072
32000, 9968
32016, 13184
32016, 22768
32016, 37488
32016, 3888
32032, 2592
32032, -26512
32032, 33312
32032, 5872
32032, -6032
32048, 1040
32048, -16912
32048, 27600
32048, -2848
32048, -41872
32048, -43152
32048, -9488
32064, 13552
32064, -27808
32064, -30976
32064, 33040
32064, -38368
32064, 39072
32080, -21360
32080, -22288
32080, 3264
32080, -35488
32080, 3616
32080, 36848
32080, -37072
32096, 28528
32096, 34656
32096, 35568
32096, -36688
32096, -38016
32096, -40320
32096, 6112
3216, 16672
-32208, 30752
-32208, 9328
-32224, -13328
-32224, 14720
-32224, -34144
-32224, 41312
-32224, 6416
-32224, -7920
-32240, -11168
-32240, -1216
-32240, -15600
-32240, -26464
-32240, 40400
-32256, 17648
-32256, 34272
-32256, 37824
-32256, -43488
-32272, -20416
-32272, -22032
-32272, -23680
-32272, 24032
-32272, -27424
-32272, -32864
-32272, 42656
-32272, 42976
-32288, -26784
-32288, -29392
-32288, -37360
-32304, 12192
-32304, -27792
-32304, -41216
-32304, 7760
3232, -15360
3232, 18000
3232, -18528
3232, 24016
3232, 27952
3232, 37504
32336, 15072
32336, -32864
32352, 13824
32352, 18016
32352, 22768
32352, -35136
32368, -27760
32368, -30608
32368, -33536
32368, 3552
32384, 15760
32384, 18976
32384, 21232
32384, -26192
32384, 4240
32384, -5040
32384, 6096
32400, -272
32400, 30080
32416, -28448
32416, -40544
32448, 33312
3248, -17216
3248, 20256
3248, 22816
3248, 25296
3248, 25664
3248, 34272
3248, 38208
3248, -38336
3248, -42800
3248, -6336
-32528, -16304
-32544, 12848
-32544, 20560
-32560, 13168
-32560, -18480
-32560, -34496
-32576, -12768
-32576, 20816
-32576, 25296
-32576, 32688
-32576, 41648
-32576, 7120
-32576, -9824
-32592, 14416
-32592, -25184
-32592, -27760
-32608, -11472
-32608, 17328
-32608, 19936
-32608, 27232
-32608, 29808
-32608, 6432
-32624, -16960
-32624, -17808
3264, -19456
3264, 20544
3264, -25904
3264, 26592
3264, 26928
3264, 29168
3264, 37152
3264, -7648
3264, -896
-32640, 13856
32640, 3232
32656, -17248
32656, -17536
32656, 24400
32656, 38480
32656, -5968
32672, -22016
32672, -28448
32672, -30944
32672, 9952
32688, -20400
32688, -24560
32688, -35760
32688, -36736
32688, 7424
32688, 8048
32688, -9184
32704, -21376
32704, 31776
32704, 39424
32704, 5168
32704, -8544
32720, 12240
32720, -28736
32720, 29456
32720, 33648
32720, 34960
32720, 40016
32736, -24912
32736, -26528
32736, 35248
32736, -5056
3280, 1632
3280, -28736
3280, 30432
3280, -32528
3280, 33312
3280, 42640
-32832, 37488
-32848, 20192
-32848, 33936
-32864, 1968
-32880, 23072
-32880, 2352
-32880, -2496
-32880, 41392
-32880, 6800
-32896, 21856
-32896, -21984
-32896, -25824
-32896, -2880
-32896, 29776
-32896, 30784
-32896, 36528
-32896, -4080
-32896, 43216
-32896, -9552
-32912, -27776
-32912, -37056
-32912, 37840
-32912, -4720
-32912, -8256
-32928, 18944
-32928, -24880
-32928, -29968
-32928, 38448
-32944, 10624
-32944, -10800
-32944, 4848
3296, 33664
-32960, 34320
32976, 10272
32976, -12128
32976, -28416
32976, 31104
32976, -3408
32976, 4192
32976, -43488
32992, -3168
32992, -5680
33008, -15952
33008, 16064
33008, -27440
33008, -33536
33008, 3584
33008, -39008
33008, -40928
33008, 41664
33024, 11856
33024, 16352
33024, -17216
33024, -18496
33024, -25856
33024, 27616
33024, 31392
33024, -37680
33024, 400
33024, 42896
33040, 14784
33040, -16256
33040, 18592
33040, 29216
33040, 30144
33040, -5376
33056, -10816
33056, 1360
33056, 48
33072, -32560
33072, -43152
3312, -1200
-33152, -4432
-33168, 3264
-33184, 1696
-33184, 2608
-33200, 5520
-33216, -26832
-33216, -27744
-33216, 31088
-33216, -31920
-33216, -880
-33232, -13728
-33232, 17280
-33232, 20816
-33232, 24080
-33232, -24256
-33232, 25968
-33232, 29808
-33232, -7664
-33248, -19728
-33248, -34800
-33248, -35152
-33248, -39664
-33248, -8256
-33248, -9856
-33264, -20400
-33264, -26160
-33264, -37408
-33264, 38160
-33264, 6192
33280, -1584
33280, 35888
33280, -38320
33280, 42560
33296, 28816
33312, 40752
33328, -18880
33328, -19824
33328, -28768
33328, 43216
33328, -4752
33344, 14464
33344, -32304
33344, -6640
33360, -10784
33360, -1888
33360, -22656
33360, 24064
33360, 32368
33360, 656
33376, -23632
33376, 34256
33376, 3632
33376, 39744
33392, -34512
-33472, -32880
-33488, -31936
-33488, -912
-33504, 13536
-33504, 28592
-33520, 17328
-33520, -27120
-33520, 31744
-33520, -42816
-33520, 5152
-33520, 640
-33520, 6736
-33536, 14448
-33536, 1984
-33536, -24560
-33536, -26880
-33536, -29024
-33536, 35584
-33536, -40864
-33552, -28112
-33552, 36832
-33568, -11456
-33568, -12144
-33568, -18192
-33568, 40080
-33568, 5488
-33568, -9552
336, -10160
336, -42128
-33600, 21200
33616, 15440
33616, 24432
33616, -42848
33616, 43200
33616, 8432
33632, -11424
33632, -25488
33632, 26608
33632, 31776
33632, -37424
33648, -1536
33648, 19888
33648, -3152
33648, 34656
33664, -288
33664, 2976
33664, 32336
33680, 16048
33680, -30032
33680, 4496
33696, -22304
33696, 25696
33696, 39104
33696, 41056
33696, 41312
33696, 9680
33728, 18304
-33808, -41856
-33824, 12528
-33824, 12896
-33824, -33216
-33824, 384
-33840, -9552
-33856, -10512
-33856, 14768
-33856, -18512
-33856, -34192
-33856, 37776
-33856, -38288
-33856, 39424
-33856, 992
-33872, -14944
-33872, -20416
-33872, -21088
-33872, 22464
-33872, 30464
-33872, 34576
-33872, -4096
-33872, 5840
-33872, 7744
-33888, -16576
-33888, -37040
-33888, -39600
-33904, -2816
-33904, 32064
-33904, -40928
-3392, -5072
-33920, 22144
33920, -27152
33936, 18304
33936, 27616
33936, 43232
33936, -7632
33936, 7792
33952, 14160
33952, -3136
33952, -36432
33952, 4528
33968, -10848
33968, -11472
33968, -20096
33968, 21808
33968, 23392
33968, -2496
33968, -2832
33968, -29744
33968, 36544
33968, 41392
33968, -6688
33984, -1568
33984, 16368
33984, 34320
34000, -12768
34000, 13504
34000, -16912
34000, 28800
34000, -8288
34016, -21408
34016, 32048
34032, -16576
34032, -24880
34032, 7392
-3408, -2176
-34144, 10880
-34144, -25568
-34160, -11184
-34160, 14080
-34160, 7712
-34176, -10816
-34176, 12256
-34176, 1376
-34176, -34192
-34176, -3744
-34192, -13424
-34192, -16288
-34192, -23888
-34192, 27568
-34192, -29040
-34192, 30800
-34192, 41024
-34192, -43520
-34208, -36752
-34208, 38448
-34208, -5984
-34224, 13184
-34224, -25232
-34224, 43536
-3424, 12864
-3424, 14192
-3424, -32960
-3424, -41504
-34240, 24352
-34240, 31792
34240, 38128
34256, -13968
34256, -14672
34272, 12224
34272, -20400
34288, 2336
34288, 29536
34304, 11856
34304, 1328
34304, -16592
34304, -23648
34304, 26000
34304, 27520
34304, 29792
34304, 32000
34304, -32592
34304, 7392
34320, -22320
34320, -25824
34320, -40928
34336, -15296
34336, -24592
34352, 40688
34368, -19104
34368, -29984
-3440, -12736
-3440, 23424
-3440, -27424
-3440, -31952
-3440, 368
-34448, -26800
-34464, 1040
-34464, 16336
-34464, 25344
-34464, -28048
-34464, 36256
-34464, 42896
-34480, -12144
-34480, 16720
-34480, 23424
-34480, -31936
-34480, 40032
-34480, -40848
-34480, 7392
-34496, 2000
-34496, -23936
-34496, -24208
-34496, 24736
-34496, 28576
-34496, 3280
-34496, -38000
-34496, 43280
-34496, 6464
-34496, 704
-34496, 9664
-34512, 13184
-34512, 15760
-34512, -17824
-34512, 23104
-34512, -25904
-34512, 5808
-34528, 6128
-34544, -20144
-34544, 42288
-3456, 11296
-3456, 34944
-3456, 39408
-3456, 7088
-3456, -7328
-3456, -9536
-3456, 9648
34560, -33600
34560, 9968
34576, -39968
34576, 42256
34592, -10800
34592, 12496
34592, 34576
34592, 35920
34592, 38448
34608, 20176
34608, 5840
34608, 8096
34624, -15344
34624, -16544
34624, -28704
34624, -30048
34624, 30480
34624, 31792
34624, -40256
34624, -4112
34624, -41840
34640, -17856
34640, 27600
34640, 30768
34640, -37072
34640, -41184
34640, 8720
34656, -17184
34656, -33232
34656, 37792
34672, 2352
34672, 31456
34688, 31056
-3472, -11088
-3472, 11936
-3472, -14000
-3472, -22320
-3472, 29120
-3472, 37536
-3472, -6960
-3472, 8416
-34800, -19824
-34800, -22672
-34800, 25648
-34800, 26912
-34800, 32736
-34800, 40368
-34800, 41952
-34800, -8304
-34816, 13536
-34816, 14144
-34816, 21488
-34816, 33360
-34832, -25888
-34832, 39056
-34848, -18480
-34848, -22992
-34848, -26832
-34848, 28192
-34848, 35200
-34848, -37008
-34848, -43456
-34848, -8896
-34864, -10864
-34864, -11808
-34864, 19312
-34864, 29152
-3488, 29792
-34880, 12832
-34880, 15776
34896, 3584
34912, -14672
34912, -32864
34912, -4736
34928, 12176
34928, 25952
34928, -37408
34944, 1024
34944, 11552
34944, 13792
34944, -18784
34944, -29376
34944, 2960
34944, -3168
34944, -32560
34944, -36080
34944, 5168
34960, -10832
34960, -17216
34960, -20416
34960, 34624
34976, 8080
34992, 23712
34992, -9504
-3504, 1712
-3504, 26656
-35072, 5216
-35088, 14080
-35088, -40272
-35104, 11280
-35104, -19104
-35104, -22016
-35104, 29824
-35104, -6688
-35120, 16672
-35120, 23072
-35120, 42272
-35136, -1856
-35152, 29472
-35152, -5744
-35152, 7712
-35168, -20704
-35168, -38960
-35168, 6128
-35184, -3760
-35184, 6432
352, 16736
352, 17312
352, -27744
352, 8736
35200, 37856
35216, 36576
35232, 10944
35232, 12512
35232, -20752
35232, 22480
35232, 37200
35232, -3760
35248, 11936
35248, 1328
35248, 20208
35248, -21360
35248, -2144
35248, 24112
35248, -28064
35248, 30192
35248, -34528
35248, 34592
35248, -37072
35264, -11424
35264, 25632
35264, -29696
35264, -32832
35264, -36400
35264, 38816
35264, 43216
35264, 7472
35280, 19600
35280, 5472
35296, 12192
35296, 28192
35296, -29376
35312, 368
35312, -912
3536, -34560
3536, -34800
3536, 39152
-35408, 27584
-35424, 35904
-35440, 16032
-35440, -23616
-35440, 3248
-35440, 34288
-35440, -3792
-35440, -40608
-35440, 720
-35456, -15280
-35456, 24032
-35456, -30976
-35456, -42176
-35456, 8688
-35472, -2512
-35472, 29472
-35472, -3136
-35472, 3904
-35472, 5168
-35488, 14768
-35488, -36464
-35504, -19104
-35504, -19792
-35504, 26352
-35504, 8048
3552, 17648
-35520, -12096
-35520, 33984
35536, 8976
35552, -11744
35552, -25200
35552, -37360
35568, 10240
35568, 1296
35568, -3776
35568, 5488
35584, -10512
35584, 17920
35584, -5744
35600, 14144
35600, -4448
35616, -33904
35616, -3456
35632, -256
35632, 28176
3568, 11904
3568, 1984
3568, -32288
3568, 36528
3568, -36720
3568, -37648
-35712, -40320
-35728, 18656
-35728, 1968
-35728, 20560
-35744, 12272
-35744, 35584
-35744, 8992
-35760, -16512
-35760, -19072
-35760, -272
-35760, 27296
-35760, -36768
-35760, 37488
-35760, 38784
-35760, -39936
-35760, 43536
-35776, -1264
-35776, -14320
-35776, -15936
-35776, -27488
-35776, -37984
-35776, -4080
-35776, 41952
-35792, 12880
-35792, 1664
-35792, 18304
-35792, -22320
-35792, 39408
-35792, 43296
-35808, 14112
-35808, -24576
-35808, -25824
-35808, -33872
-35808, -6000
-35824, -25536
-35824, 34592
3584, 11248
3584, 24720
3584, -28720
3584, -3824
3584, 7136
-35840, 42944
35840, -6608
35856, 12832
35856, 16992
35856, 2048
35856, 33984
35856, -38368
35856, 4832
35872, 13184
35872, -15312
35872, 17328
35872, -22656
35872, -3776
35872, 5168
35872, 9328
35888, -13424
35888, -20704
35888, -21040
35888, -23648
35888, 33040
35888, 9008
35904, 1696
35904, 2608
35904, -560
35904, 5792
35920, -17264
35920, 21840
35920, -36064
35936, 17648
35936, 23392
35936, -26128
35936, -34512
35936, -36432
35936, 39104
35936, -6080
35952, 32064
35952, -32208
35952, 43264
35952, 96
3600, 22464
3600, -43152
-36032, 41056
-36048, -26784
-36064, 27568
-36064, -30656
-36080, 24016
-36080, -24256
-36080, -6368
-36096, -14352
-36096, 17024
-36096, -18208
-36096, 2608
-36096, 38768
-36096, -43472
-36096, -5680
-36112, -19152
-36112, -20144
-36112, -23008
-36112, 23760
-36112, -25872
-36112, 27312
-36112, 6736
-36112, 9328
-36128, 17344
-36128, 18336
-36128, 33328
-36128, 34000
-36128, -38656
-36144, -23328
-36144, 31728
-36144, -41248
3616, 26288
3616, -35456
3616, 9616
-36160, 23104
36160, 35920
36176, 11280
36176, 12480
36176, 18304
36192, -14352
36192, 16368
36192, -39344
36192, 7728
36224, 15728
36224, -17552
36224, -2848
36224, -36400
36224, -38688
36224, -39952
36224, -41168
36224, 5152
36224, -9904
36240, -11776
36240, 16736
36240, 23104
36240, -30672
36240, 4208
36240, -5056
36240, -6064
36256, -13072
36256, 15152
36256, 21136
36256, -31280
36272, -25856
36272, -28416
36272, -34192
36272, 36272
3632, -24560
3632, -31600
-36368, -20080
-36368, -26496
-36368, 40384
-36368, -41520
-36384, 13824
-36384, 22480
-36384, -25536
-36384, 33952
-36384, 35520
-36384, -8624
-36400, -22608
-36400, -24288
-36400, 32704
-36400, 40960
-36416, -21040
-36416, -23904
-36416, -29392
-36416, -33232
-36416, -3440
-36416, -36080
-36416, 9984
-36432, 19248
-36432, 2944
-36432, 37824
-36432, 4880
-36432, 8704
-36448, 29840
-36448, 37168
-36464, 10928
-36464, 12848
-36464, 27200
-36464, 40720
-36480, 14432
36480, -36752
-36480, 7440
36496, 336
36512, 12240
36512, 12896
36512, -18192
36528, -19200
36528, -23648
36528, 29488
36528, -41840
36528, 42896
36528, 9008
36544, -12064
36544, 18912
36544, 26256
36544, -30016
36544, -37056
36544, -39600
36560, -10864
36560, 11584
36560, -23296
36560, 35904
36560, 42624
36560, 5488
36576, -20752
36576, 26000
36576, 36160
36576, -38656
36608, 20560
-36688, -13728
-36704, -19120
-36704, 29488
-36704, -40608
-36720, -11488
-36720, -17248
-36720, 28864
-36720, 39104
-36736, -12400
-36736, -12736
-36736, 14480
-36736, -14976
-36736, 42928
-36736, -4752
-36736, 5504
-36752, -16608
-36752, -20384
-36752, 26336
-36752, 29840
-36752, 31360
-36752, -39600
-36752, -39968
-36752, 9968
-36768, 1008
-36768, -25840
-36768, 27280
-36768, 31088
-36768, -40864
-36784, -32528
-36784, -9904
368, 21200
368, -29392
368, -36784
368, 40384
368, 4864
368, 6464
368, 6800
368, -7584
-36800, 23760
36816, -21680
36832, -17552
36832, 23120
36832, -38352
36848, -19744
36848, -33856
36848, 3888
36848, 8688
36864, -16928
36864, 17632
36864, -35168
36864, 43232
36880, 19264
36880, 21200
36880, 21488
36880, -24224
36880, -27440
36880, 28864
36880, -33152
36880, 41664
36880, 42912
36896, 11552
36896, 30736
36896, 38752
36896, 400
36896, -43472
36896, 752
36896, 9984
-36992, -6688
-37008, 19904
-37008, -24560
-37008, 2912
-37008, -31952
-37008, 38448
-37008, 4848
-37024, 14464
-37024, -18464
-37024, -37408
-37040, 11568
-37040, -18864
-37040, 31072
-37040, -9552
-37056, 17680
-37056, -21664
-37072, -38368
-37072, -40912
-37072, -7312
-37072, 7744
-37088, 18624
-37088, 8400
-37104, -21344
-37104, 34976
-37104, -5728
37136, -23264
37152, 10976
37152, 11264
37152, 16320
37152, 2624
37152, 42640
37168, -28112
37168, -32240
37168, -32624
37168, 38784
37168, -8912
37184, -16240
37184, -18144
37184, -18768
37184, -23616
37184, -4080
37200, -1232
37200, 23120
37200, -3120
37216, 11888
37216, 4224
37232, -15936
37232, 20176
-3728, -11456
-37312, -20432
-37328, 38768
-37328, -42480
-37344, -20112
-37344, 27248
-37344, -34528
-37344, -3744
-37360, 11616
-37360, -1248
-37360, 20208
-37360, -3152
-37360, 33920
-37360, 35552
-37360, -7280
-37376, -10816
-37376, 1968
-37376, -19760
-37376, -21040
-37376, 23472
-37376, -37680
-37392, 1040
-37392, 11296
-37392, -15984
-37392, 28848
-37392, -30688
-37392, -32576
-37392, -35776
-37392, 36544
-37392, 38400
-37392, 42912
-37408, -14320
-37408, 19856
-37408, -36448
-37408, 9040
-37424, -11808
-37424, -42832
-3744, 10944
-3744, 34912
-3744, 39120
-3744, 7392
-3744, -9552
37440, -11104
37472, -1568
37472, 18272
37472, -25552
37488, -11776
37488, 2944
37488, 30080
37504, -30992
37504, -31312
37504, 3600
37504, -39648
37504, -39936
37504, -6944
37520, -28112
37520, -38368
37536, 27536
37536, -28368
37536, -28736
37536, -8208
37552, -12128
37552, 6736
37568, -24272
-3760, 11232
-3760, 16000
-3760, -20768
-3760, -22304
-3760, 37808
-37632, 42944
-37648, 10320
-37648, 35904
-37648, -5664
-37664, 13136
-37664, 24720
-37680, -17584
-37680, -2512
-37680, -41520
-37680, -912
-37696, -1824
-37696, -27760
-37696, -28720
-37696, 32976
-37712, -13040
-37712, -22720
-37712, -30016
-37712, 33280
-37728, -16576
-37728, 2928
-37728, -31632
-37728, -39328
-37728, 4240
-37728, -9872
-37744, -288
-3776, -12752
-3776, 13856
-3776, -21984
-3776, -5360
37760, 40704
37776, -34816
37776, 416
37792, -18560
37792, 27904
37792, 33008
37792, 35904
37792, 36864
37792, -3824
37792, 38448
37808, 22464
37808, 2928
37808, 36240
37808, -36368
37808, -38976
37808, 9664
37824, -14000
37824, 28880
37840, 13856
37840, -24864
37840, -33536
37856, 10288
37856, 1632
37856, 21824
37856, 41376
37872, -2480
-3792, 12224
-3792, -13360
-3792, -17872
-3792, 22496
-3792, -23024
-3792, 26272
-3792, -29104
-3792, 34624
-3792, 41296
-37952, -16544
-37968, -19424
-37968, 20208
-37968, -2496
-37968, -42832
-37968, 7424
-37984, 12560
-38000, 14160
-38000, 15776
-38000, 19584
-38000, 19904
-38000, -28752
-38000, -39984
-38000, 6784
-38016, -10800
-38016, -13024
-38016, 13168
-38016, -22368
-38016, -39008
-38032, 13520
-38032, -3744
-38048, -16240
-38048, 27232
-38064, -14992
-38064, 33312
-38064, -9872
-3808, 30416
38080, -11440
-38080, 18608
38080, 24736
38096, 8112
38112, -28704
38112, 42912
38128, -21664
38128, 31728
38128, 5232
38144, 12240
38144, 15120
38144, 15456
38144, 21488
38144, -31904
38144, -3440
38144, -38016
38144, 3936
38144, -9184
38160, -11088
38160, -18160
38160, -18816
38160, -192
38160, -20416
38160, -39312
38176, 19552
38176, -43104
38192, 5520
38192, -9568
-38272, 41040
-38288, -29696
-38288, -42848
-38288, -7568
-38304, 15152
-38304, 27904
-38320, -10480
-38320, 10928
-38320, 19232
-38320, -21328
-38320, 25392
-38336, 10576
-38336, -15648
-38336, -23008
-38336, -26800
-38336, -27472
-38336, 28496
-38336, 37184
-38336, -38656
-38336, 42656
-38336, 5792
-38352, 12208
-38352, 18624
-38352, -22336
-38352, -38960
-38352, -9200
-38368, -22032
-38368, -4720
-38368, -8592
-38384, 39072
-38384, -6352
384, 10032
384, -12736
384, -13744
384, 13808
384, 21488
384, -28160
384, -33856
384, -9232
38416, 27968
38416, -544
38432, -12160
38432, 1312
38432, -18864
38432, -23888
38432, 24704
38432, 656
38432, 7392
38448, 10288
38448, -16864
38448, 17984
38448, 24368
38448, 26640
38448, 3264
38464, -22688
38464, 23408
38464, 25040
38464, -25504
38464, -30672
38464, 37840
38464, 40992
38464, 42624
38464, -6000
38464, -7888
38480, -21024
38480, -22320
38480, 31760
38496, -28048
38496, -37072
38496, 5168
38496, -5392
38512, 21216
3856, 1040
3856, 17376
3856, 17664
3856, 29488
3856, -30976
-38608, 32000
-38624, -1200
-38624, 21808
-38624, 30112
-38640, 13504
-38640, 16384
-38640, 28864
-38640, 35904
-38640, 38176
-38640, 38480
-38640, 4224
-38640, 5776
-38640, -8880
-38640, -9584
3872, -12112
3872, 15728
3872, 18048
3872, 41328
3872, -42208
3888, 1632
3888, 19936
3888, 33984
3888, 41968
3888, -592
3904, 15104
3904, 19216
3904, -23936
3904, -26224
3904, -35792
3904, 36176
3904, 36544
3904, -9552
3920, 13824
3920, 36848
3920, -38048
3920, -40912
3936, -20752
3936, 38480
3936, 4240
3936, 5504
3936, -8592
3952, -27744
3952, 4560
400, -14976
400, -9904
-4048, 18000
-4048, 19280
-4064, -13664
-4064, -37424
-4080, 16384
-4080, 2624
-4080, 27872
-4080, -30032
-4080, 33280
-4080, 40384
-4096, 1648
-4096, -19088
-4096, -28720
-4096, 37168
-4096, -3776
-4096, -4384
-4096, -4704
-4096, 672
-4096, -8640
-4112, 10960
-4112, 13504
-4112, 19600
-4112, -26800
-4112, 28576
-4112, 32016
-4112, 34960
-4128, 10608
-4128, -13040
-4128, -15984
-4128, -1840
-4128, 28208
-4128, 32336
-4128, -6944
-4144, -12784
-4144, -13968
-4144, -23952
-4144, 36208
-4144, 40720
416, 1312
416, -24896
416, -35168
4160, -31952
4160, -9888
4176, 31712
4192, 13184
4192, -21664
4192, 34944
4192, -35424
4192, 3552
4208, -10160
4208, -13680
4208, 21536
4208, -22640
4208, -30016
4224, 25680
4224, -28384
4224, -32320
4224, 42576
4224, -4768
4240, 10944
4240, 27888
4240, 35248
4240, 38128
4240, -39648
4240, 42000
4240, 4848
4256, 12864
4256, -26496
4256, 34624
4256, 8976
4272, -26832
432, -16208
432, -20096
432, 2992
432, -41264
-4368, -29680
-4384, -43424
-4384, 6480
-4400, -15008
-4400, 23472
-4400, 30432
-4400, 41696
-4416, -10160
-4416, 13168
-4416, 1392
-4416, -21008
-4416, 34608
-4416, -37664
-4416, -38704
-4432, 10656
-4432, -17264
-4432, -20096
-4432, -2224
-4432, 23120
-4432, 28864
-4432, 42944
-4432, -43104
-4432, -7920
-4448, -19824
-4448, -27760
-4448, -38992
-4448, 41024
-4464, -23936
-4464, 26608
4480, 34928
4512, -36064
4512, 42336
4528, 10592
4528, -11104
4528, -12704
4528, -23920
4528, -2448
4528, 25344
4528, -36464
4528, -4064
4528, 43280
4544, 11216
4544, 27264
4544, 28896
4544, 31760
4544, 37840
4544, 41984
4544, -8272
4560, 1024
4560, -16288
4560, 28224
4560, 29184
4576, -10496
4592, 1680
4592, -31280
-4688, -10512
-4688, 15104
-4704, -11168
-4704, -1824
-4704, 36896
-4720, 12544
-4720, -13392
-4720, 20192
-4720, -39648
-4736, -15024
-4736, 15456
-4736, -17280
-4736, -18192
-4736, 20864
-4736, -3456
-4736, -40288
-4736, -40928
-4752, -15984
-4752, 29184
-4752, 30752
-4752, -30960
-4752, -32912
-4752, 38112
-4768, 11536
-4768, -1520
-4768, 26656
-4768, 34944
-4768, 35888
-4784, 36544
48, 15728
48, -25856
48, -28112
48, 31712
48, -34144
4832, -288
4832, -42192
4832, -43120
4832, -7632
4848, 18928
4848, -26848
4848, 28880
4848, 5792
4864, 2992
4864, 32672
4864, 3296
4864, -34848
4864, -9200
4880, -20112
4880, -21376
4880, 25008
4880, 34592
4880, -41872
4896, 20544
4896, -2208
4896, 26912
4896, 31392
4896, 31760
4896, -6064
4912, -37072
4912, 3888
4928, 15424
4928, -16608
-5008, -11776
-5008, -16240
-5008, 30096
-5024, -15664
-5024, 37168
-5024, -5072
-5040, -8544
-5056, -14336
-5056, 14848
-5056, 18608
-5056, 21520
-5056, -22944
-5056, -43472
-5072, -4432
-5072, 6496
-5088, 8704
-5104, -40560
-5120, -28416
-5120, 384
5120, 42944
-5120, -7664
5136, -10832
5136, 18032
5136, -40272
5152, -14032
5152, -1872
5152, -39280
5168, -31312
5168, 33680
5168, -37024
5168, 7088
5184, 10560
5184, 26928
5184, -30960
5184, 31440
5184, 34960
5184, -38960
5184, -41840
5184, 976
5200, -24864
5200, 27264
5200, -28704
5200, -6592
5200, 7744
5232, 3888
5232, 9968
-528, -13392
-528, -20752
-528, -25248
-5312, 14192
-5312, -896
-5328, -11776
-5360, 27248
-5360, 37168
-5360, -42848
-5360, 4544
-5360, -5104
-5360, -8304
-5376, -10512
-5376, -22048
-5376, 2592
-5376, 30464
-5376, -31664
-5376, -38352
-5376, -4080
-5376, -43136
-5376, 43328
-5392, 12880
-5392, -16224
-5392, -18448
-5392, 33952
-5392, -39920
-5392, 6176
-5408, -21696
-5408, 27568
-5408, 7376
-5424, 13568
-5424, 17344
-5424, 17984
-5424, -24880
-5424, 42320
-5424, 7056
-544, -17600
-544, -18192
5440, 37472
5440, 7056
-5440, 96
5456, -13360
5456, 16000
5456, 18608
5456, 41328
5472, 31408
5472, -36784
5472, 6784
5488, -11728
5488, 19264
5488, 19584
5488, -37008
5488, 7440
5504, -18448
5504, 20256
5504, 6096
5520, 2000
5520, 33616
5536, 10304
5536, -16288
5536, 35216
5552, -10512
5552, 30496
5568, 4496
-560, 10944
-560, -22992
-560, 24048
-560, 26016
-560, -38032
-5648, -15632
-5664, -25536
-5664, -36992
-5680, 1296
-5680, -22016
-5680, 27520
-5680, -28720
-5680, 39408
-5696, 10928
-5696, -17824
-5696, -21360
-5696, -34768
-5696, 7376
-5696, -8272
-5712, -34448
-5712, -37360
-5728, -12384
-5728, 13760
-5728, -19440
-5728, -20080
-5728, 22096
-5728, -23616
-5728, -2816
-5728, -3456
-5728, 35568
-5728, 43280
-5728, 9008
-576, -10496
-576, 11216
-576, 16336
-576, -19136
-576, 21776
-576, -3472
-576, 4192
-576, -42192
-576, -8592
-5760, 25344
-5760, 33328
5776, -20432
5776, -35472
5776, -38672
5792, -18800
5792, 3280
5792, -3776
5792, 9072
5808, -1248
5808, -17488
5808, -23936
5808, 39488
5808, 40384
5808, 64
5808, 8720
5824, 13136
5824, -21344
5824, -23632
5824, 29184
5824, -5664
5824, -7936
5824, -8960
5840, -12064
5840, 1344
5840, 17008
5840, 30512
5840, -30656
5840, 33696
5840, 35552
5840, 38816
5840, 41968
5840, -7584
5856, -14352
5856, -17792
5856, 4912
5872, 15104
5872, -29392
-592, -12720
-592, -1904
-592, 26272
-592, -3136
-592, -40256
-5952, 39744
-5968, 17056
-5968, -29744
-5984, -14384
-5984, 16384
-5984, 19904
-5984, 38432
-6000, -12400
-6000, 29136
-6000, 34624
-6000, -34864
-6000, 37840
-6000, 8064
-6016, -17840
-6016, -19776
-6016, 21152
-6016, 24384
-6016, -3168
-6016, -7936
-6032, 22112
-6048, -14032
-6048, 96
-6064, -13696
-6064, -24288
-6064, 26272
-608, -28768
-608, -896
-608, -9504
-6080, 11584
-6080, -9808
6096, 31776
6096, -8256
6112, -12400
6112, 26000
6112, 7120
6128, -16896
6128, -22624
6128, -26176
6128, -27408
6128, 28512
6128, 32064
6144, 17696
6144, -31936
6144, -33552
6144, 35232
6144, -4784
6144, 9712
6160, 16016
6160, -20144
6160, -28432
6160, 3856
6176, -19168
6176, 23392
6176, 41344
-624, 25696
-624, -35792
-624, 37824
-6288, -30624
-6288, 39088
-6288, -39936
-6304, -17824
-6320, -1232
-6320, -18768
-6320, -36736
-6336, 1024
-6336, 16416
-6336, 19264
-6336, -256
-6336, 29504
-6336, -37376
-6336, -5696
-6352, -10480
-6352, 24080
-6352, -2768
-6352, -28112
-6352, 30176
-6352, -3456
-6352, 8384
-6368, 10912
-6368, -15648
-6368, -19776
-6368, -21104
-6368, 23088
-6368, 42912
-6368, -6992
-6384, -11440
-6384, -12400
64, 12848
64, -13088
64, -19184
64, 19616
64, -20144
64, 20208
64, 24080
64, -36112
64, -37072
64, -37408
64, -38336
64, 42000
64, 8384
640, -37104
640, 7168
-640, -9856
-6400, 16720
-6400, 26592
6416, 33648
6416, 34976
6416, 9088
6416, -9872
6432, -11152
6432, 17040
6432, 41040
6432, 7760
6448, 15744
6448, -1872
6448, -22640
6448, -35136
6448, -7904
6464, 10320
6464, -1200
6464, -14944
6464, 27536
6464, 28240
6464, 38816
6480, 1344
6480, 22160
6480, -25184
6480, -33552
6480, 39072
6480, -40912
6480, 42880
6496, -17888
6496, -39936
6512, -14032
6512, 31120
6528, -38672
656, -10784
656, 1360
656, -36064
-6592, -31552
-6608, 32048
-6608, 36480
-6608, 43280
-6624, 14400
-6640, 10304
-6640, 16336
-6640, 5168
-6656, -33520
-6656, -41504
-6656, 42624
-6656, -9248
-6672, -11776
-6672, -19440
-6672, -21040
-6672, 37184
-6672, -40608
-6672, -4080
-6672, -41808
-6672, -42192
-6672, 42272
-6672, 6160
-6688, -27088
-6688, -43120
-6688, -608
-6704, -11152
672, 10352
672, 13808
672, -19472
672, -21712
672, -27504
672, 39392
672, 40064
-6720, -17216
-6720, -20048
-6720, 3904
6736, -10176
6736, -2160
6736, -28736
6736, 29184
6752, -30400
6752, 39792
6752, -41168
6768, 10944
6768, -23264
6768, -7888
6784, -12432
6784, -23904
6784, -24224
6784, -26784
6784, 32
6784, -34192
6784, 7456
6800, 12224
6800, -14608
6800, 34352
6800, 38512
6800, 6496
6800, -6640
6816, -12048
6816, 976
6832, -19440
688, 12848
688, -13744
688, 34672
688, -34832
688, 36544
688, -6976
-6912, -22400
-6928, -14032
-6944, -6960
-6944, -7232
-6960, -31280
-6960, 31744
-6960, 41040
-6960, 6832
-6976, 16752
-6976, -23664
-6976, -2560
-6976, -25840
-6976, 38448
-6976, -38688
-6992, 13808
-6992, -21056
-6992, -21728
-6992, 34560
-6992, -9200
-7008, -37664
-7008, -3792
-7008, 8688
-7024, 19232
-7024, 29488
-7024, -29664
-7024, 432
704, -12128
704, 30096
704, -38336
704, 39744
704, -9552
7040, 41008
7056, 39072
7056, 5520
7056, 8736
7072, -26800
7088, -21088
7088, 32688
7088, 33024
7088, -33232
7104, 12800
7104, 2256
7104, 27936
7104, -35120
7104, -9584
7120, 21488
7120, -23936
7120, -34208
7120, -4080
7136, -15008
7136, 39712
7152, 29504
7152, -7024
720, -20112
720, -22640
720, 33008
720, 40992
-7248, 16400
-7248, 23088
-7248, 33344
-7248, 39408
-7248, -6960
-7264, -12400
-7264, -18224
-7264, 27200
-7264, 31056
-7264, 31424
-7264, -6320
-7280, -11184
-7280, 18288
-7280, 18624
-7280, 24080
-7280, -28112
-7280, -34208
-7280, -35792
-7280, 5504
-7296, -12768
-7296, 13840
-7296, 21776
-7296, -24272
-7296, -42144
-7296, -43488
-7312, -20720
-7312, -41856
-7312, 42656
-7312, -7888
-7328, -1200
-7328, -22336
-7328, -23632
-7328, 2656
-7328, -33488
-7328, -37344
-7328, -39632
-7344, -40912
-7344, -624
-7344, 8016
736, -17248
736, -18768
736, 2320
736, 23408
736, 3840
736, -5120
-7360, 10288
-7360, -25552
7360, -30016
7360, -39008
-7360, 43248
7360, -7968
7376, -14672
7376, 15728
7376, 8096
7392, -27152
7392, -28112
7392, -29312
7392, 30128
7392, -32576
7392, -37376
7392, -5984
7408, 11952
7408, 20224
7408, 2304
7424, 1712
7424, 25008
7424, 25968
7424, 27616
7424, 34960
7424, 38448
7440, -14944
7440, -17216
7440, -18864
7440, 32736
7440, -39264
7440, 9008
7456, 23152
7456, -41824
7456, 4512
7456, -8288
7472, 17312
752, 17648
752, -34208
752, -7936
752, 9008
-7552, -39952
-7568, 16688
-7568, -24272
-7584, -16896
-7584, -560
-7600, -1232
-7600, -13648
-7600, -19472
-7600, -40224
-7600, -8256
-7616, -32560
-7616, 39152
-7616, 39424
-7616, -6352
-7632, 19264
-7632, -21712
-7632, 34976
-7632, 38768
-7632, -42832
-7648, 31120
-7648, -31632
-7648, -35760
-7648, 6496
-7664, -28736
-7664, -29056
-7664, 35600
-7664, -38352
-7664, 9328
-7664, 9648
-7680, -41216
7696, -20736
7696, -29408
7696, -42528
7696, -9216
7728, -10464
7728, -1536
7728, 18016
7728, 18944
7728, 25040
7728, -28464
7728, -33872
7728, 35872
7728, 37808
7728, 41696
7728, 7088
7728, 7744
7728, -9520
7728, 9712
7744, -14960
7744, -16576
7744, -35504
7744, -4400
7744, -6304
7760, -10208
7760, 12848
7760, 13456
7760, -16944
7760, -28784
7760, -37696
7760, -38928
7760, -39328
7776, 11952
7776, 16352
7776, 16672
7776, 33328
7776, -38336
7776, 43232
7776, 5488
7792, 12240
7792, -41888
7792, 720
-7904, 24672
-7904, -33504
-7904, 7392
-7920, -24208
-7920, -35792
-7920, -41888
-7920, 8032
-7920, 8400
-7936, -1168
-7936, -17840
-7936, 1936
-7936, 30128
-7936, -32560
-7936, -9232
-7952, 37488
-7968, -12112
-7968, 30784
-7968, 6192
-7984, -30336
-7984, -4800
80, 10288
80, -23600
80, 34304
8000, -10176
8000, -22384
-8000, -42512
-8000, -43120
8016, -43488
8032, -19824
8032, 23776
8048, 34016
8048, 42672
8048, -4480
8048, 8384
8048, 9328
8064, 1024
8064, 14112
8064, -17232
8064, -17872
8064, -23584
8064, 24704
8064, 25712
8064, 26592
8064, -26832
8064, 32704
8064, 34608
8064, 43296
8064, -5120
8064, -7968
8064, 80
8064, -8240
8080, 1312
8080, 14448
8080, 17984
8080, -6992
8096, 26256
8112, 42944
-8224, 11248
-8224, 23456
-8224, 33328
-8224, -640
-8224, 9328
-8240, 12224
-8240, -13120
-8240, 17360
-8240, -18480
-8240, 18928
-8240, -25232
-8240, 30080
-8240, -9920
-8256, 22448
-8256, 35280
-8256, 39136
-8256, -41184
-8256, -6976
-8272, -11760
-8272, -1568
-8272, 32352
-8272, -38288
-8288, -26512
-8288, 2880
-8288, 32656
-8288, 40704
-8288, -42192
-8288, -4400
-8288, -5712
-8304, -3504
-8304, 35552
8320, -25872
-8320, -36736
8336, -1888
8352, -35120
8352, -4128
8352, 42672
8368, 12496
8368, 13136
8368, 19216
8368, 21488
8368, 37504
8384, 15744
8384, -23616
8384, -29744
8384, 32064
8384, 34944
8384, 38080
8384, 39728
8384, -6624
8400, -10208
8400, -14640
8400, -29088
8400, -40272
8400, -7312
8400, 8368
8416, 23088
8416, 34608
8416, -36464
8432, -13360
8432, 41296
-848, 24656
-848, 3232
-8528, -39280
-8544, -18192
-8544, 21792
-8544, 23728
-8544, 31408
-8544, 42624
-8544, -43200
-8560, 13168
-8560, -15312
-8560, 33056
-8560, -624
-8576, -10144
-8576, 13760
-8576, -1856
-8576, 33328
-8576, -37984
-8576, -4112
-8592, 22736
-8592, -25200
-8592, -26176
-8592, 29808
-8624, 21520
-864, 17984
-864, -2880
-864, 29856
-864, -8928
-8640, -13664
-8640, -19136
-8640, 3248
8640, -3488
8656, -40560
8672, -14624
8672, -29680
8672, 3616
8672, -40928
8672, -896
8688, 13792
8688, 23088
8688, 28240
8688, 4208
8704, 10608
8704, -1536
8704, -24240
8704, 30464
8704, 30768
8704, 6464
8720, -5680
8736, -16896
8736, -19200
8736, 35904
8736, 3872
8736, 432
8736, -576
8752, -31632
8752, -39968
8752, -41888
-880, -13024
-880, 15744
-880, -1584
-880, -15920
-880, -22976
-880, 25984
-880, 39744
-880, 41952
-880, -896
-8848, 2320
-8864, -28416
-8864, 40032
-8880, 13136
-8880, -16640
-8880, -25872
-8880, -36096
-8880, -37072
-8880, 37184
-8880, -39920
-8880, -40288
-8880, -8912
-8880, -9248
-8896, -1488
-8896, -24560
-8896, -26496
-8896, -31936
-8896, -32560
-8896, -32864
-8896, -35120
-8896, 3920
-8912, 14448
-8912, -19520
-8912, -4480
-8928, 14800
-8928, 32400
-8928, -33552
-8944, -11760
-8944, -40560
-896, 11840
-896, -14928
-896, 20832
-896, -34832
-896, 38192
-896, -7232
-896, -7648
-8960, 19248
-8960, -36736
8976, 14464
8976, -32928
8992, 14752
9008, 21552
9008, -224
9008, -26144
9008, 2640
9008, 35312
9024, 11584
9024, -30656
9024, 34624
9024, 37808
9024, 38736
9024, -4064
9024, 41024
9040, 10336
9040, -25232
9040, 26928
9040, -29744
9040, -36400
9040, -6656
9056, -10528
9056, 17696
9056, -31312
9056, -31632
9072, -2432
9072, 36880
9072, -40944
9072, 8064
-912, 15056
-912, 22800
-912, 23424
-912, -28080
-912, -35136
-912, -7936
-9152, -4416
-9168, -24880
-9168, 7168
-9184, 1072
-9184, -2848
-9184, 33360
-9184, 3632
-9184, -40880
-9200, -20384
-9200, -22000
-9200, 34944
-9200, -35472
-9200, -37104
-9200, 39376
-9200, 42288
-9216, 19568
-9216, 25392
-9216, -288
-9216, 28912
-9216, -30320
-9216, 30432
-9216, -39264
-9216, -6016
-9232, -14064
-9232, 22144
-9232, 22480
-9232, -40528
-9232, 9312
-9248, -15936
-9248, -21088
-9248, 33056
-9248, -34160
-9248, -42816
-9264, -16880
-9264, 17936
-9264, -35088
-9264, -39616
-928, -21712
-928, 25680
-928, 38832
-9280, 26576
-9280, -42144
9312, 29520
9312, -30976
9312, -35408
9312, 36528
9312, 38144
9312, 9648
9328, -11152
9328, -19456
9328, -21008
9328, 24960
9328, -256
9328, -27136
9328, -29680
9328, 35936
9328, -37104
9328, -40864
9344, -16896
9344, -28384
9344, 30768
9344, -5424
9360, -11824
9360, -2208
9360, 2304
9360, -26528
9360, -9856
9376, 24064
9376, 3312
9376, -39632
9376, -8544
9392, 2960
9392, -4080
-944, -20800
-944, 43280
-9472, -3440
-9488, -25216
-9488, 40768
-9504, -14032
-9504, -37968
-9504, -42864
-9504, -9200
-9520, 10944
-9520, 27280
-9520, 42928
-9536, 11904
-9536, -1232
-9536, -23920
-9536, -4128
-9536, 9344
-9552, -16912
-9552, 27872
-9552, -34816
-9552, 35600
-9552, -37056
-9552, -43424
-9552, 8064
-9568, -15280
-9568, -880
-9584, 23104
96, 21232
96, -26816
96, -4416
96, -7968
96, 9008
960, -2160
9632, 11584
9632, -13696
9632, 37536
9632, 3904
9632, -41520
9632, -43392
9648, 14176
9648, -18832
9648, -21664
9648, 39440
9648, -40320
9664, -13984
9664, 31072
9664, 33056
9680, 10592
9680, 14768
9680, 21232
9680, -38320
9680, 39728
9696, 3216
9696, -34496
9712, 6768
9712, 7440
976, 29504
976, 6784
-9808, -15984
-9808, -19728
-9808, -22944
-9808, 6176
-9824, 11584
-9824, -30656
-9824, 37840
-9824, 8352
-9840, 10256
-9840, -13728
-9840, 34944
-9840, 37248
-9840, 39040
-9840, 39696
-9840, 5520
-9840, -6928
-9856, -12688
-9856, -13984
-9856, -1536
-9856, -30288
-9856, 32704
-9856, 40992
-9856, 7696
-9872, 15440
-9872, 16400
-9872, 25680
-9872, 32432
-9872, 33040
-9872, 38720
-9872, -43152
-9872, 5824
-9872, 9344
-9888, -1216
-9888, 24352
-9888, -256
-9888, -40192
-9888, -4480
-9888, -8944
-9904, -20432
-9904, -28432
992, -11120
992, 22432
992, -25280
9920, -17152
9920, 24112
9920, -39616
-9920, 42288
9936, 23744
9936, -24592
9936, -4048
9952, -21408
9952, -22320
9952, 2272
9952, -23648
9952, 9008
9968, 17360
9968, 21760
9968, 6496
9968, -6688
9984, 30128
9984, -33856
9984, -43088
